--- Pendolo di torsione ---
Tempo,Forzante,Pendolo
0.000,5.396,-0.030
0.050,4.917,-0.027
0.100,4.051,-0.026
0.150,2.871,-0.019
0.200,1.466,-0.009
0.250,-0.046,-0.001
0.300,-1.555,0.004
0.350,-2.945,0.015
0.400,-4.104,0.024
0.450,-4.946,0.027
0.500,-5.397,0.029
0.550,-5.415,0.031
0.600,-4.993,0.030
0.650,-4.171,0.025
0.700,-3.018,0.017
0.750,-1.631,0.010
0.800,-0.122,0.004
0.850,1.402,-0.007
0.900,2.823,-0.016
0.950,4.018,-0.021
1.000,4.894,-0.025
1.050,5.372,-0.032
1.100,5.436,-0.033
1.150,5.059,-0.027
1.200,4.276,-0.024
1.250,3.157,-0.022
1.300,1.792,-0.012
1.350,0.293,-0.002
1.400,-1.226,0.006
1.450,-2.651,0.012
1.500,-3.871,0.019
1.550,-4.791,0.027
1.600,-5.333,0.031
1.650,-5.449,0.030
1.700,-5.124,0.028
1.750,-4.386,0.026
1.800,-3.299,0.020
1.850,-1.956,0.011
1.900,-0.456,0.005
1.950,1.069,-0.003
2.000,2.514,-0.015
2.050,3.773,-0.021
2.100,4.731,-0.025
2.150,5.308,-0.028
2.200,5.462,-0.033
2.250,5.181,-0.031
2.300,4.482,-0.026
2.350,3.430,-0.020
2.400,2.112,-0.015
2.450,0.631,-0.007
2.500,-0.891,0.004
2.550,-2.348,0.013
2.600,-3.623,0.018
2.650,-4.616,0.025
2.700,-5.248,0.029
2.750,-5.462,0.031
2.800,-5.234,0.028
2.850,-4.583,0.025
2.900,-3.568,0.023
2.950,-2.270,0.014
3.000,-0.800,0.003
3.050,0.732,-0.002
3.100,2.210,-0.009
3.150,3.518,-0.019
3.200,4.548,-0.027
3.250,5.217,-0.029
3.300,5.464,-0.029
3.350,5.279,-0.031
3.400,4.672,-0.029
3.450,3.691,-0.021
3.500,2.423,-0.014
3.550,0.970,-0.008
3.600,-0.555,-0.000
3.650,-2.035,0.011
3.700,-3.360,0.019
3.750,-4.423,0.023
3.800,-5.142,0.027
3.850,-5.452,0.031
3.900,-5.323,0.031
3.950,-4.762,0.027
4.000,-3.821,0.022
4.050,-2.580,0.017
4.100,-1.136,0.008
4.150,0.392,-0.001
4.200,1.892,-0.010
4.250,3.248,-0.015
4.300,4.348,-0.023
4.350,5.101,-0.029
4.400,5.448,-0.031
4.450,5.361,-0.028
4.500,4.841,-0.029
4.550,3.938,-0.025
4.600,2.725,-0.017
4.650,1.301,-0.009
4.700,-0.214,-0.002
4.750,-1.716,0.006
4.800,-3.084,0.016
4.850,-4.215,0.023
4.900,-5.017,0.027
4.950,-5.421,0.029
5.000,-5.390,0.031
5.050,-4.922,0.028
5.100,-4.060,0.021
5.150,-2.875,0.016
5.200,-1.469,0.010
5.250,0.050,0.003
5.300,1.568,-0.009
5.350,2.965,-0.016
5.400,4.131,-0.021
5.450,4.968,-0.027
5.500,5.407,-0.033
5.550,5.417,-0.031
5.600,4.993,-0.026
5.650,4.168,-0.025
5.700,3.017,-0.021
5.750,1.632,-0.011
5.800,0.125,-0.002
5.850,-1.388,0.005
5.900,-2.795,0.013
5.950,-3.988,0.022
6.000,-4.870,0.028
6.050,-5.367,0.029
6.100,-5.435,0.030
6.150,-5.063,0.029
6.200,-4.283,0.026
6.250,-3.165,0.018
6.300,-1.797,0.011
6.350,-0.294,0.005
6.400,1.237,-0.005
6.450,2.671,-0.015
6.500,3.896,-0.021
6.550,4.814,-0.025
6.600,5.346,-0.030
6.650,5.454,-0.032
6.700,5.123,-0.030
6.750,4.383,-0.024
6.800,3.297,-0.021
6.850,1.952,-0.015
6.900,0.473,-0.004
6.950,-1.055,0.006
7.000,-2.500,0.011
7.050,-3.747,0.018
7.100,-4.705,0.026
7.150,-5.293,0.029
7.200,-5.458,0.029
7.250,-5.182,0.028
7.300,-4.489,0.027
7.350,-3.439,0.021
7.400,-2.118,0.012
7.450,-0.635,0.005
7.500,0.900,-0.002
7.550,2.366,-0.012
7.600,3.648,-0.020
7.650,4.641,-0.026
7.700,5.265,-0.028
7.750,5.467,-0.031
7.800,5.234,-0.032
7.850,4.582,-0.028
7.900,3.563,-0.020
7.950,2.271,-0.016
8.000,0.806,-0.009
8.050,-0.720,0.002
8.100,-2.189,0.012
8.150,-3.492,0.017
8.200,-4.521,0.022
8.250,-5.197,0.029
8.300,-5.460,0.031
8.350,-5.281,0.029
8.400,-4.676,0.026
8.450,-3.700,0.023
8.500,-2.431,0.017
8.550,-0.973,0.005
8.600,0.559,-0.002
8.650,2.051,-0.009
8.700,3.385,-0.017
8.750,4.449,-0.025
8.800,5.162,-0.030
8.850,5.460,-0.030
8.900,5.330,-0.029
8.950,4.761,-0.029
9.000,3.814,-0.023
9.050,2.577,-0.016
9.100,1.142,-0.009
9.150,-0.380,-0.002
9.200,-1.873,0.009
9.250,-3.221,0.018
9.300,-4.319,0.022
9.350,-5.081,0.026
9.400,-5.439,0.031
9.450,-5.359,0.032
9.500,-4.845,0.027
9.550,-3.945,0.021
9.600,-2.732,0.018
9.650,-1.308,0.011
9.700,0.217,0.001
9.750,1.729,-0.009
9.800,3.107,-0.014
9.850,4.239,-0.022
9.900,5.047,-0.028
9.950,5.432,-0.031
10.000,5.386,-0.029
