--- Pendolo di torsione ---
Tempo,Forzante,Pendolo
0.000,-5.010,0.120
0.050,-4.137,0.191
0.100,-2.885,0.244
0.150,-1.377,0.274
0.200,0.257,0.279
0.250,1.871,0.260
0.300,3.320,0.216
0.350,4.465,0.152
0.400,5.199,0.076
0.450,5.452,-0.008
0.500,5.207,-0.089
0.550,4.479,-0.167
0.600,3.343,-0.228
0.650,1.904,-0.265
0.700,0.311,-0.277
0.750,-1.318,-0.267
0.800,-2.828,-0.231
0.850,-4.083,-0.173
0.900,-4.971,-0.100
0.950,-5.408,-0.018
1.000,-5.344,0.066
1.050,-4.781,0.145
1.100,-3.776,0.209
1.150,-2.427,0.256
1.200,-0.858,0.279
1.250,0.784,0.276
1.300,2.359,0.248
1.350,3.723,0.198
1.400,4.747,0.129
1.450,5.332,0.049
1.500,5.429,-0.036
1.550,5.024,-0.116
1.600,4.155,-0.188
1.650,2.908,-0.242
1.700,1.413,-0.272
1.750,-0.216,-0.277
1.800,-1.823,-0.258
1.850,-3.263,-0.215
1.900,-4.410,-0.152
1.950,-5.163,-0.075
2.000,-5.443,0.009
2.050,-5.217,0.092
2.100,-4.502,0.166
2.150,-3.375,0.227
2.200,-1.943,0.267
2.250,-0.340,0.282
2.300,1.296,0.272
2.350,2.822,0.235
2.400,4.093,0.179
2.450,4.987,0.105
2.500,5.417,0.023
2.550,5.356,-0.061
2.600,4.796,-0.141
2.650,3.800,-0.210
2.700,2.462,-0.255
2.750,0.897,-0.279
2.800,-0.737,-0.276
2.850,-2.302,-0.248
2.900,-3.663,-0.199
2.950,-4.697,-0.131
3.000,-5.306,-0.050
3.050,-5.425,0.035
3.100,-5.039,0.116
3.150,-4.185,0.188
3.200,-2.949,0.243
3.250,-1.447,0.274
3.300,0.185,0.280
3.350,1.805,0.263
3.400,3.264,0.220
3.450,4.422,0.156
3.500,5.177,0.080
3.550,5.453,-0.005
3.600,5.230,-0.088
3.650,4.518,-0.163
3.700,3.407,-0.224
3.750,1.976,-0.263
3.800,0.373,-0.280
3.850,-1.250,-0.274
3.900,-2.764,-0.238
3.950,-4.034,-0.183
4.000,-4.941,-0.108
4.050,-5.399,-0.025
4.100,-5.357,0.060
4.150,-4.815,0.141
4.200,-3.826,0.209
4.250,-2.492,0.255
4.300,-0.931,0.279
4.350,0.710,0.280
4.400,2.293,0.253
4.450,3.669,0.201
4.500,4.712,0.133
4.550,5.318,0.053
4.600,5.438,-0.031
4.650,5.054,-0.114
4.700,4.204,-0.186
4.750,2.973,-0.238
4.800,1.479,-0.274
4.850,-0.142,-0.285
4.900,-1.748,-0.265
4.950,-3.201,-0.222
5.000,-4.367,-0.159
5.050,-5.139,-0.084
5.100,-5.441,0.002
5.150,-5.237,0.087
5.200,-4.543,0.166
5.250,-3.434,0.226
5.300,-2.015,0.267
5.350,-0.415,0.284
5.400,1.228,0.274
5.450,2.760,0.238
5.500,4.044,0.183
5.550,4.956,0.111
5.600,5.409,0.028
5.650,5.367,-0.056
5.700,4.839,-0.136
5.750,3.850,-0.207
5.800,2.514,-0.256
5.850,0.968,-0.281
5.900,-0.662,-0.279
5.950,-2.234,-0.252
6.000,-3.609,-0.203
6.050,-4.660,-0.136
6.100,-5.289,-0.054
6.150,-5.432,0.031
6.200,-5.068,0.114
6.250,-4.233,0.186
6.300,-3.008,0.242
6.350,-1.514,0.276
6.400,0.115,0.284
6.450,1.735,0.267
6.500,3.203,0.223
6.550,4.378,0.161
6.600,5.154,0.084
6.650,5.450,0.000
6.700,5.260,-0.083
6.750,4.563,-0.162
6.800,3.451,-0.226
6.850,2.041,-0.266
6.900,0.451,-0.281
6.950,-1.179,-0.273
7.000,-2.702,-0.239
7.050,-3.985,-0.182
7.100,-4.909,-0.108
7.150,-5.389,-0.026
7.200,-5.370,0.058
7.250,-4.849,0.139
7.300,-3.878,0.206
7.350,-2.555,0.257
7.400,-1.006,0.282
7.450,0.635,0.281
7.500,2.224,0.255
7.550,3.614,0.206
7.600,4.675,0.139
7.650,5.305,0.058
7.700,5.447,-0.025
7.750,5.078,-0.109
7.800,4.251,-0.183
7.850,3.037,-0.239
7.900,1.550,-0.273
7.950,-0.068,-0.282
8.000,-1.679,-0.262
8.050,-3.142,-0.221
8.100,-4.322,-0.160
8.150,-5.115,-0.084
8.200,-5.438,0.002
8.250,-5.257,0.087
8.300,-4.585,0.163
8.350,-3.492,0.225
8.400,-2.081,0.268
8.450,-0.485,0.286
8.500,1.156,0.276
8.550,2.697,0.243
8.600,3.995,0.188
8.650,4.925,0.114
8.700,5.409,0.032
8.750,5.386,-0.053
8.800,4.859,-0.134
8.850,3.898,-0.206
8.900,2.582,-0.255
8.950,1.039,-0.280
9.000,-0.592,-0.279
9.050,-2.170,-0.255
9.100,-3.555,-0.206
9.150,-4.622,-0.138
9.200,-5.271,-0.056
9.250,-5.436,0.028
9.300,-5.093,0.111
9.350,-4.277,0.184
9.400,-3.068,0.243
9.450,-1.585,0.276
9.500,0.039,0.285
9.550,1.662,0.268
9.600,3.142,0.228
9.650,4.333,0.165
9.700,5.137,0.089
9.750,5.447,0.005
9.800,5.271,-0.079
9.850,4.596,-0.160
9.900,3.514,-0.224
9.950,2.112,-0.265
10.000,0.522,-0.284
10.050,-1.103,-0.276
10.100,-2.636,-0.242
10.150,-3.934,-0.187
10.200,-4.877,-0.114
10.250,-5.378,-0.031
10.300,-5.381,0.054
10.350,-4.882,0.136
10.400,-3.931,0.205
