--- Pendolo di torsione ---
Tempo,Forzante,Pendolo
0.000,5.371,0.162
0.050,5.396,0.109
0.100,4.913,0.042
0.150,3.968,-0.029
0.200,2.659,-0.094
0.250,1.113,-0.152
0.300,-0.529,-0.197
0.350,-2.124,-0.224
0.400,-3.526,-0.228
0.450,-4.607,-0.213
0.500,-5.266,-0.180
0.550,-5.432,-0.128
0.600,-5.082,-0.063
0.650,-4.252,0.006
0.700,-3.028,0.074
0.750,-1.526,0.134
0.800,0.116,0.185
0.850,1.751,0.215
0.900,3.225,0.226
0.950,4.402,0.217
1.000,5.167,0.185
1.050,5.442,0.139
1.100,5.220,0.078
1.150,4.498,0.010
1.200,3.359,-0.059
1.250,1.915,-0.123
1.300,0.302,-0.176
1.350,-1.333,-0.212
1.400,-2.849,-0.228
1.450,-4.107,-0.225
1.500,-4.991,-0.200
1.550,-5.411,-0.157
1.600,-5.323,-0.098
1.650,-4.727,-0.030
1.700,-3.689,0.038
1.750,-2.312,0.104
1.800,-0.724,0.160
1.850,0.932,0.201
1.900,2.506,0.223
1.950,3.851,0.224
2.000,4.837,0.206
2.050,5.367,0.166
2.100,5.400,0.112
2.150,4.921,0.046
2.200,3.982,-0.022
2.250,2.677,-0.089
2.300,1.131,-0.149
2.350,-0.509,-0.196
2.400,-2.106,-0.222
2.450,-3.510,-0.230
2.500,-4.595,-0.215
2.550,-5.260,-0.182
2.600,-5.433,-0.131
2.650,-5.090,-0.069
2.700,-4.265,-0.000
2.750,-3.042,0.069
2.800,-1.544,0.132
2.850,0.095,0.180
2.900,1.727,0.215
2.950,3.207,0.227
3.000,4.389,0.219
3.050,5.162,0.189
3.100,5.447,0.143
3.150,5.227,0.083
3.200,4.512,0.015
3.250,3.379,-0.055
3.300,1.938,-0.120
3.350,0.327,-0.172
3.400,-1.311,-0.209
3.450,-2.830,-0.229
3.500,-4.093,-0.226
3.550,-4.982,-0.201
3.600,-5.410,-0.159
3.650,-5.328,-0.104
3.700,-4.739,-0.035
3.750,-3.706,0.033
3.800,-2.329,0.100
3.850,-0.742,0.156
3.900,0.911,0.199
3.950,2.487,0.223
4.000,3.833,0.226
4.050,4.826,0.207
4.100,5.367,0.170
4.150,5.404,0.116
4.200,4.931,0.052
4.250,4.000,-0.019
4.300,2.699,-0.085
4.350,1.157,-0.146
4.400,-0.486,-0.193
4.450,-2.084,-0.220
4.500,-3.493,-0.228
4.550,-4.585,-0.217
4.600,-5.254,-0.185
4.650,-5.435,-0.135
4.700,-5.098,-0.072
4.750,-4.279,-0.006
4.800,-3.063,0.064
4.850,-1.564,0.129
4.900,0.075,0.180
4.950,1.709,0.213
5.000,3.185,0.225
5.050,4.379,0.220
5.100,5.155,0.192
5.150,5.447,0.145
5.200,5.232,0.087
5.250,4.522,0.020
5.300,3.394,-0.050
5.350,1.957,-0.116
5.400,0.348,-0.168
5.450,-1.290,-0.209
5.500,-2.813,-0.228
5.550,-4.078,-0.226
5.600,-4.973,-0.203
5.650,-5.407,-0.161
5.700,-5.332,-0.108
5.750,-4.749,-0.040
5.800,-3.722,0.029
5.850,-2.351,0.097
5.900,-0.767,0.153
5.950,0.890,0.197
6.000,2.468,0.222
6.050,3.820,0.226
6.100,4.818,0.209
6.150,5.361,0.173
6.200,5.405,0.120
6.250,4.940,0.056
6.300,4.011,-0.013
6.350,2.715,-0.080
6.400,1.173,-0.142
6.450,-0.468,-0.190
6.500,-2.066,-0.219
6.550,-3.478,-0.229
6.600,-4.572,-0.215
6.650,-5.249,-0.186
6.700,-5.435,-0.138
6.750,-5.105,-0.075
6.800,-4.291,-0.008
6.850,-3.079,0.061
6.900,-1.585,0.124
6.950,0.051,0.177
7.000,1.686,0.210
7.050,3.169,0.225
7.100,4.366,0.220
7.150,5.148,0.194
7.200,5.446,0.149
7.250,5.239,0.091
7.300,4.536,0.024
7.350,3.413,-0.046
7.400,1.978,-0.112
7.450,0.370,-0.166
7.500,-1.269,-0.206
7.550,-2.794,-0.226
7.600,-4.063,-0.226
7.650,-4.963,-0.203
7.700,-5.405,-0.164
7.750,-5.337,-0.110
7.800,-4.761,-0.045
7.850,-3.736,0.025
7.900,-2.367,0.092
7.950,-0.785,0.149
8.000,0.868,0.193
8.050,2.446,0.222
8.100,3.804,0.226
8.150,4.806,0.210
8.200,5.356,0.174
8.250,5.408,0.124
8.300,4.949,0.060
8.350,4.028,-0.010
8.400,2.736,-0.077
8.450,1.198,-0.137
8.500,-0.443,-0.187
8.550,-2.042,-0.218
8.600,-3.458,-0.226
8.650,-4.561,-0.218
8.700,-5.244,-0.188
8.750,-5.436,-0.141
8.800,-5.113,-0.080
8.850,-4.307,-0.012
8.900,-3.099,0.057
8.950,-1.605,0.120
9.000,0.032,0.174
9.050,1.667,0.210
9.100,3.156,0.225
9.150,4.349,0.219
9.200,5.141,0.196
9.250,5.445,0.152
9.300,5.244,0.092
9.350,4.547,0.027
9.400,3.428,-0.043
9.450,1.998,-0.107
9.500,0.391,-0.164
9.550,-1.248,-0.205
9.600,-2.775,-0.224
9.650,-4.050,-0.224
9.700,-4.956,-0.207
9.750,-5.402,-0.167
9.800,-5.341,-0.112
9.850,-4.770,-0.046
9.900,-3.754,0.020
9.950,-2.391,0.088
10.000,-0.810,0.147
10.050,0.850,0.193
10.100,2.430,0.219
10.150,3.789,0.224
10.200,4.796,0.210
10.250,5.354,0.178
10.300,5.411,0.125
