--- Pendolo di torsione ---
Tempo,Forzante,Pendolo
0.000,-4.979,-0.028
0.050,-3.996,-0.022
0.100,-2.577,-0.012
0.150,-0.880,-0.003
0.200,0.909,0.008
0.250,2.603,0.015
0.300,4.018,0.023
0.350,4.993,0.026
0.400,5.411,0.028
0.450,5.229,0.025
0.500,4.479,0.019
0.550,3.230,0.012
0.600,1.634,0.003
0.650,-0.128,-0.007
0.700,-1.875,-0.017
0.750,-3.422,-0.025
0.800,-4.603,-0.029
0.850,-5.285,-0.032
0.900,-5.383,-0.032
0.950,-4.877,-0.027
1.000,-3.828,-0.020
1.050,-2.364,-0.012
1.100,-0.648,-0.002
1.150,1.145,0.009
1.200,2.812,0.017
1.250,4.177,0.023
1.300,5.082,0.027
1.350,5.423,0.028
1.400,5.170,0.026
1.450,4.338,0.019
1.500,3.029,0.011
1.550,1.405,0.001
1.600,-0.365,-0.009
1.650,-2.094,-0.018
1.700,-3.603,-0.026
1.750,-4.724,-0.030
1.800,-5.332,-0.032
1.850,-5.350,-0.031
1.900,-4.766,-0.025
1.950,-3.655,-0.020
2.000,-2.146,-0.010
2.050,-0.408,0.000
2.100,1.377,0.010
2.150,3.021,0.019
2.200,4.322,0.024
2.250,5.163,0.027
2.300,5.427,0.027
2.350,5.090,0.025
2.400,4.189,0.017
2.450,2.832,0.010
2.500,1.175,-0.000
2.550,-0.603,-0.010
2.600,-2.315,-0.019
2.650,-3.780,-0.026
2.700,-4.838,-0.031
2.750,-5.371,-0.033
2.800,-5.306,-0.030
2.850,-4.645,-0.025
2.900,-3.472,-0.018
2.950,-1.921,-0.008
3.000,-0.163,0.002
3.050,1.613,0.012
3.100,3.217,0.019
3.150,4.478,0.025
3.200,5.233,0.028
3.250,5.417,0.028
3.300,4.998,0.025
3.350,4.028,0.018
3.400,2.622,0.009
3.450,0.938,-0.000
3.500,-0.841,-0.010
3.550,-2.530,-0.020
3.600,-3.950,-0.027
3.650,-4.944,-0.032
3.700,-5.397,-0.032
3.750,-5.251,-0.031
3.800,-4.516,-0.025
3.850,-3.283,-0.016
3.900,-1.692,-0.007
3.950,0.079,0.003
4.000,1.843,0.012
4.050,3.410,0.020
4.100,4.603,0.025
4.150,5.300,0.028
4.200,5.398,0.028
4.250,4.898,0.023
4.300,3.862,0.017
4.350,2.406,0.008
4.400,0.699,-0.002
4.450,-1.078,-0.012
4.500,-2.740,-0.021
4.550,-4.110,-0.028
4.600,-5.038,-0.032
4.650,-5.414,-0.031
4.700,-5.186,-0.030
4.750,-4.377,-0.025
4.800,-3.084,-0.015
4.850,-1.459,-0.006
4.900,0.320,0.004
4.950,2.068,0.013
5.000,3.595,0.022
5.050,4.729,0.026
5.100,5.341,0.028
5.150,5.366,0.028
5.200,4.790,0.023
5.250,3.687,0.017
5.300,2.188,0.006
5.350,0.460,-0.003
5.400,-1.313,-0.013
5.450,-2.947,-0.023
5.500,-4.263,-0.029
5.550,-5.121,-0.032
5.600,-5.418,-0.032
5.650,-5.109,-0.029
5.700,-4.227,-0.023
5.750,-2.881,-0.014
5.800,-1.226,-0.005
5.850,0.559,0.005
5.900,2.288,0.014
5.950,3.771,0.022
6.000,4.843,0.026
6.050,5.377,0.028
6.100,5.318,0.026
6.150,4.676,0.022
6.200,3.509,0.016
6.250,1.967,0.005
6.300,0.222,-0.005
6.350,-1.544,-0.014
6.400,-3.144,-0.022
6.450,-4.407,-0.028
6.500,-5.196,-0.031
6.550,-5.412,-0.030
6.600,-5.023,-0.028
6.650,-4.071,-0.023
6.700,-2.674,-0.013
6.750,-0.991,-0.004
6.800,0.797,0.007
6.850,2.504,0.015
6.900,3.942,0.023
6.950,4.948,0.027
7.000,5.403,0.028
7.050,5.266,0.026
7.100,4.541,0.021
7.150,3.319,0.013
7.200,1.742,0.004
7.250,-0.018,-0.007
7.300,-1.769,-0.017
7.350,-3.335,-0.024
7.400,-4.542,-0.029
7.450,-5.258,-0.032
7.500,-5.395,-0.031
7.550,-4.926,-0.028
7.600,-3.909,-0.022
7.650,-2.465,-0.013
7.700,-0.759,-0.002
7.750,1.032,0.008
7.800,2.715,0.016
7.850,4.105,0.022
7.900,5.042,0.028
7.950,5.420,0.029
8.000,5.204,0.026
8.050,4.406,0.019
8.100,3.126,0.012
8.150,1.522,0.004
8.200,-0.255,-0.008
8.250,-1.992,-0.018
8.300,-3.519,-0.024
8.350,-4.669,-0.031
8.400,-5.312,-0.033
8.450,-5.366,-0.032
8.500,-4.819,-0.027
8.550,-3.737,-0.019
8.600,-2.248,-0.011
8.650,-0.517,-0.001
8.700,1.270,0.010
8.750,2.924,0.017
8.800,4.259,0.024
8.850,5.127,0.027
8.900,5.426,0.028
8.950,5.128,0.025
9.000,4.258,0.019
9.050,2.926,0.011
9.100,1.281,0.002
9.150,-0.487,-0.008
9.200,-2.214,-0.018
9.250,-3.701,-0.026
9.300,-4.788,-0.030
9.350,-5.355,-0.032
9.400,-5.328,-0.031
9.450,-4.704,-0.026
9.500,-3.559,-0.018
9.550,-2.025,-0.009
9.600,-0.275,-0.000
9.650,1.507,0.010
9.700,3.126,0.019
9.750,4.406,0.024
9.800,5.201,0.027
9.850,5.422,0.028
9.900,5.042,0.025
9.950,4.103,0.018
10.000,2.717,0.009
