--- Pendolo di torsione ---
Tempo,Forzante,Pendolo
0.000,-3.012,-0.233
0.050,-4.226,-0.182
0.100,-5.059,-0.115
0.150,-5.430,-0.037
0.200,-5.294,0.043
0.250,-4.662,0.121
0.300,-3.601,0.189
0.350,-2.211,0.236
0.400,-0.624,0.263
0.450,1.022,0.264
0.500,2.580,0.244
0.550,3.901,0.200
0.600,4.867,0.135
0.650,5.380,0.060
0.700,5.401,-0.020
0.750,4.920,-0.099
0.800,3.981,-0.170
0.850,2.696,-0.226
0.900,1.155,-0.261
0.950,-0.482,-0.271
1.000,-2.068,-0.256
1.050,-3.470,-0.220
1.100,-4.563,-0.162
1.150,-5.242,-0.090
1.200,-5.440,-0.009
1.250,-5.129,0.071
1.300,-4.339,0.146
1.350,-3.149,0.209
1.400,-1.675,0.249
1.450,-0.055,0.268
1.500,1.578,0.262
1.550,3.069,0.232
1.600,4.280,0.180
1.650,5.101,0.111
1.700,5.444,0.033
1.750,5.292,-0.047
1.800,4.644,-0.125
1.850,3.573,-0.192
1.900,2.180,-0.244
1.950,0.596,-0.269
2.000,-1.035,-0.271
2.050,-2.577,-0.248
2.100,-3.890,-0.203
2.150,-4.849,-0.139
2.200,-5.369,-0.064
2.250,-5.389,0.017
2.300,-4.907,0.097
2.350,-3.968,0.171
2.400,-2.668,0.226
2.450,-1.127,0.261
2.500,0.516,0.271
2.550,2.116,0.256
2.600,3.527,0.218
2.650,4.613,0.160
2.700,5.274,0.087
2.750,5.449,0.006
2.800,5.117,-0.076
2.850,4.325,-0.148
2.900,3.120,-0.212
2.950,1.638,-0.256
3.000,0.025,-0.274
3.050,-1.591,-0.268
3.100,-3.066,-0.236
3.150,-4.266,-0.185
3.200,-5.083,-0.117
3.250,-5.433,-0.037
3.300,-5.279,0.046
3.350,-4.629,0.125
3.400,-3.552,0.193
3.450,-2.151,0.240
3.500,-0.560,0.268
3.550,1.083,0.270
3.600,2.631,0.249
3.650,3.945,0.202
3.700,4.894,0.138
3.750,5.392,0.060
3.800,5.389,-0.021
3.850,4.901,-0.100
3.900,3.942,-0.170
3.950,2.626,-0.232
4.000,1.094,-0.267
4.050,-0.538,-0.276
4.100,-2.123,-0.261
4.150,-3.518,-0.224
4.200,-4.596,-0.164
4.250,-5.259,-0.091
4.300,-5.437,-0.009
4.350,-5.107,0.073
4.400,-4.300,0.151
4.450,-3.100,0.212
4.500,-1.619,0.253
4.550,0.007,0.273
4.600,1.636,0.267
4.650,3.120,0.234
4.700,4.319,0.181
4.750,5.120,0.112
4.800,5.440,0.032
4.850,5.282,-0.049
4.900,4.609,-0.127
4.950,3.515,-0.197
5.000,2.113,-0.248
5.050,0.534,-0.273
5.100,-1.101,-0.276
5.150,-2.634,-0.251
5.200,-3.932,-0.205
5.250,-4.877,-0.140
5.300,-5.378,-0.063
5.350,-5.381,0.020
5.400,-4.879,0.101
5.450,-3.924,0.174
5.500,-2.610,0.230
5.550,-1.062,0.264
5.600,0.579,0.274
5.650,2.172,0.258
5.700,3.573,0.220
5.750,4.646,0.160
5.800,5.286,0.087
5.850,5.454,0.005
5.900,5.095,-0.077
5.950,4.270,-0.153
6.000,3.065,-0.218
6.050,1.584,-0.259
6.100,-0.036,-0.278
6.150,-1.649,-0.270
6.200,-3.117,-0.238
6.250,-4.304,-0.185
6.300,-5.105,-0.116
6.350,-5.437,-0.035
6.400,-5.263,0.048
6.450,-4.595,0.127
6.500,-3.506,0.196
6.550,-2.097,0.245
6.600,-0.501,0.271
6.650,1.142,0.272
6.700,2.687,0.249
6.750,3.987,0.203
6.800,4.921,0.136
6.850,5.398,0.058
6.900,5.380,-0.025
6.950,4.862,-0.105
7.000,3.894,-0.176
7.050,2.584,-0.231
7.100,1.031,-0.270
7.150,-0.606,-0.280
7.200,-2.181,-0.264
7.250,-3.566,-0.226
7.300,-4.630,-0.166
7.350,-5.275,-0.090
7.400,-5.434,-0.007
7.450,-5.086,0.075
7.500,-4.262,0.154
7.550,-3.047,0.215
7.600,-1.555,0.258
7.650,0.072,0.277
7.700,1.695,0.269
7.750,3.171,0.236
7.800,4.353,0.182
7.850,5.151,0.112
7.900,5.448,0.031
7.950,5.250,-0.052
8.000,4.572,-0.131
8.050,3.473,-0.199
8.100,2.061,-0.251
8.150,0.469,-0.278
8.200,-1.163,-0.278
8.250,-2.688,-0.255
8.300,-3.976,-0.208
8.350,-4.904,-0.141
8.400,-5.388,-0.063
8.450,-5.370,0.021
8.500,-4.850,0.103
8.550,-3.880,0.179
8.600,-2.556,0.235
8.650,-1.004,0.268
8.700,0.639,0.276
8.750,2.231,0.261
8.800,3.617,0.221
8.850,4.688,0.162
8.900,5.305,0.086
8.950,5.431,0.003
9.000,5.073,-0.081
9.050,4.236,-0.156
9.100,3.015,-0.220
9.150,1.525,-0.262
9.200,-0.097,-0.281
9.250,-1.708,-0.273
9.300,-3.168,-0.241
9.350,-4.342,-0.186
9.400,-5.126,-0.115
9.450,-5.440,-0.034
9.500,-5.247,0.050
9.550,-4.563,0.132
9.600,-3.457,0.201
9.650,-2.037,0.248
9.700,-0.435,0.275
9.750,1.206,0.276
9.800,2.740,0.252
9.850,4.036,0.205
9.900,4.949,0.138
9.950,5.400,0.058
10.000,5.367,-0.026
10.050,4.827,-0.108
10.100,3.853,-0.179
10.150,2.522,-0.239
10.200,0.968,-0.273
10.250,-0.665,-0.282
10.300,-2.240,-0.266
10.350,-3.613,-0.225
10.400,-4.662,-0.165
10.450,-5.290,-0.088
10.500,-5.430,-0.004
10.550,-5.062,0.079
10.600,-4.221,0.157
10.650,-2.993,0.218
10.700,-1.499,0.261
10.750,0.132,0.279
10.800,1.756,0.271
10.850,3.226,0.239
10.900,4.394,0.185
10.950,5.157,0.111
11.000,5.446,0.030
11.050,5.239,-0.054
11.100,4.540,-0.134
11.150,3.428,-0.203
11.200,2.004,-0.255
11.250,0.409,-0.279
11.300,-1.223,-0.281
11.350,-2.742,-0.256
11.400,-4.018,-0.207
11.450,-4.932,-0.140
11.500,-5.396,-0.061
11.550,-5.360,0.024
11.600,-4.822,0.106
11.650,-3.837,0.181
11.700,-2.502,0.238
11.750,-0.940,0.271
11.800,0.704,0.279
11.850,2.294,0.264
11.900,3.668,0.224
11.950,4.710,0.162
12.000,5.311,0.084
12.050,5.434,0.001
12.100,5.048,-0.084
12.150,4.194,-0.159
12.200,2.960,-0.223
12.250,1.462,-0.266
12.300,-0.163,-0.284
12.350,-1.769,-0.275
12.400,-3.220,-0.241
12.450,-4.380,-0.187
12.500,-5.147,-0.115
12.550,-5.441,-0.032
12.600,-5.229,0.053
12.650,-4.526,0.134
12.700,-3.407,0.204
12.750,-1.979,0.251
12.800,-0.374,0.277
12.850,1.267,0.280
12.900,2.796,0.253
12.950,4.067,0.205
13.000,4.971,0.136
13.050,5.414,0.057
13.100,5.359,-0.028
13.150,4.804,-0.109
13.200,3.808,-0.183
13.250,2.469,-0.244
13.300,0.909,-0.276
13.350,-0.723,-0.283
13.400,-2.294,-0.267
13.450,-3.658,-0.226
13.500,-4.695,-0.164
13.550,-5.304,-0.087
13.600,-5.425,-0.003
13.650,-5.038,0.081
13.700,-4.183,0.160
13.750,-2.944,0.222
13.800,-1.439,0.264
13.850,0.200,0.284
13.900,1.817,0.275
13.950,3.266,0.239
14.000,4.431,0.184
14.050,5.182,0.112
14.100,5.451,0.030
14.150,5.221,-0.055
14.200,4.503,-0.136
14.250,3.374,-0.206
14.300,1.943,-0.258
14.350,0.344,-0.284
14.400,-1.285,-0.283
14.450,-2.798,-0.257
14.500,-4.061,-0.207
14.550,-4.958,-0.140
14.600,-5.404,-0.061
14.650,-5.349,0.026
14.700,-4.791,0.110
14.750,-3.790,0.185
14.800,-2.443,0.239
14.850,-0.874,0.275
14.900,0.765,0.283
14.950,2.340,0.265
15.000,3.711,0.223
15.050,4.742,0.160
15.100,5.326,0.082
15.150,5.434,-0.001
15.200,5.026,-0.086
15.250,4.156,-0.162
15.300,2.908,-0.227
15.350,1.407,-0.268
15.400,-0.222,-0.285
15.450,-1.826,-0.275
15.500,-3.270,-0.241
15.550,-4.416,-0.186
15.600,-5.167,-0.113
15.650,-5.443,-0.030
15.700,-5.210,0.056
15.750,-4.491,0.137
15.800,-3.359,0.206
15.850,-1.920,0.255
15.900,-0.313,0.281
15.950,1.323,0.280
16.000,2.848,0.254
16.050,4.115,0.204
16.100,5.000,0.136
16.150,5.421,0.055
16.200,5.346,-0.031
16.250,4.773,-0.112
16.300,3.760,-0.187
16.350,2.412,-0.246
16.400,0.847,-0.278
16.450,-0.787,-0.285
16.500,-2.351,-0.268
16.550,-3.705,-0.227
16.600,-4.726,-0.163
16.650,-5.318,-0.085
16.700,-5.421,-0.000
16.750,-5.015,0.084
16.800,-4.142,0.162
16.850,-2.888,0.226
16.900,-1.375,0.267
16.950,0.263,0.285
17.000,1.875,0.275
17.050,3.320,0.240
17.100,4.464,0.184
17.150,5.201,0.110
17.200,5.452,0.027
17.250,5.202,-0.059
17.300,4.465,-0.140
17.350,3.328,-0.208
17.400,1.885,-0.261
17.450,0.282,-0.285
17.500,-1.344,-0.284
17.550,-2.851,-0.258
17.600,-4.101,-0.207
17.650,-4.984,-0.139
17.700,-5.412,-0.058
17.750,-5.336,0.028
17.800,-4.761,0.112
17.850,-3.743,0.189
17.900,-2.388,0.244
17.950,-0.822,0.275
18.000,0.825,0.283
18.050,2.401,0.266
18.100,3.760,0.224
18.150,4.773,0.160
18.200,5.343,0.082
18.250,5.424,-0.003
18.300,4.998,-0.088
18.350,4.118,-0.165
18.400,2.857,-0.230
18.450,1.345,-0.271
18.500,-0.284,-0.287
18.550,-1.885,-0.277
18.600,-3.319,-0.241
18.650,-4.453,-0.185
18.700,-5.187,-0.112
18.750,-5.444,-0.027
18.800,-5.192,0.058
18.850,-4.456,0.141
18.900,-3.310,0.210
18.950,-1.863,0.257
19.000,-0.248,0.282
19.050,1.389,0.282
19.100,2.903,0.254
19.150,4.155,0.205
19.200,5.025,0.134
19.250,5.428,0.053
19.300,5.333,-0.032
19.350,4.742,-0.114
19.400,3.714,-0.190
19.450,2.353,-0.248
19.500,0.783,-0.280
19.550,-0.851,-0.286
19.600,-2.409,-0.268
19.650,-3.751,-0.227
19.700,-4.757,-0.162
19.750,-5.331,-0.083
19.800,-5.415,0.003
19.850,-4.988,0.088
19.900,-4.100,0.166
19.950,-2.834,0.229
20.000,-1.315,0.270
20.050,0.320,0.285
20.100,1.928,0.274
20.150,3.376,0.240
20.200,4.504,0.183
20.250,5.220,0.108
20.300,5.450,0.024
20.350,5.186,-0.061
20.400,4.433,-0.142
20.450,3.279,-0.213
20.500,1.830,-0.261
20.550,0.222,-0.286
20.600,-1.402,-0.285
20.650,-2.903,-0.258
20.700,-4.142,-0.205
20.750,-5.009,-0.137
20.800,-5.418,-0.056
20.850,-5.323,0.032
20.900,-4.730,0.117
20.950,-3.701,0.190
21.000,-2.333,0.245
21.050,-0.756,0.278
21.100,0.890,0.285
21.150,2.459,0.267
21.200,3.805,0.223
21.250,4.803,0.159
21.300,5.355,0.080
21.350,5.417,-0.006
21.400,4.974,-0.091
21.450,4.072,-0.166
21.500,2.801,-0.232
21.550,1.281,-0.274
21.600,-0.348,-0.290
21.650,-1.945,-0.278
21.700,-3.368,-0.242
21.750,-4.490,-0.185
21.800,-5.206,-0.111
21.850,-5.443,-0.025
21.900,-5.173,0.062
21.950,-4.418,0.143
22.000,-3.257,0.212
22.050,-1.801,0.259
22.100,-0.185,0.284
22.150,1.449,0.282
22.200,2.955,0.254
22.250,4.196,0.203
22.300,5.047,0.132
22.350,5.435,0.052
22.400,5.320,-0.035
22.450,4.710,-0.118
22.500,3.669,-0.194
22.550,2.297,-0.251
22.600,0.724,-0.281
22.650,-0.911,-0.288
22.700,-2.463,-0.270
22.750,-3.795,-0.226
22.800,-4.787,-0.161
22.850,-5.344,-0.081
22.900,-5.407,0.004
22.950,-4.963,0.089
23.000,-4.057,0.168
23.050,-2.781,0.231
23.100,-1.257,0.271
23.150,0.383,0.287
23.200,1.991,0.276
23.250,3.422,0.240
23.300,4.539,0.181
23.350,5.238,0.107
23.400,5.452,0.022
23.450,5.163,-0.064
23.500,4.395,-0.145
23.550,3.227,-0.216
23.600,1.770,-0.264
23.650,0.160,-0.288
23.700,-1.463,-0.286
23.750,-2.955,-0.257
23.800,-4.182,-0.204
23.850,-5.032,-0.135
23.900,-5.424,-0.055
23.950,-5.310,0.033
24.000,-4.699,0.118
24.050,-3.654,0.193
24.100,-2.276,0.247
24.150,-0.692,0.281
24.200,0.953,0.287
24.250,2.515,0.269
24.300,3.849,0.223
24.350,4.835,0.158
24.400,5.368,0.079
24.450,5.408,-0.006
24.500,4.947,-0.093
24.550,4.029,-0.169
24.600,2.746,-0.237
24.650,1.219,-0.277
24.700,-0.412,-0.291
24.750,-2.004,-0.279
24.800,-3.418,-0.243
24.850,-4.524,-0.184
24.900,-5.223,-0.109
24.950,-5.442,-0.023
25.000,-5.152,0.062
25.050,-4.380,0.146
25.100,-3.206,0.214
25.150,-1.742,0.262
25.200,-0.123,0.287
25.250,1.508,0.284
25.300,3.008,0.255
25.350,4.236,0.203
25.400,5.073,0.133
25.450,5.438,0.049
25.500,5.306,-0.037
25.550,4.678,-0.120
25.600,3.623,-0.195
25.650,2.242,-0.253
25.700,0.663,-0.284
25.750,-0.971,-0.290
25.800,-2.518,-0.270
25.850,-3.839,-0.225
25.900,-4.817,-0.159
25.950,-5.356,-0.080
26.000,-5.399,0.006
26.050,-4.937,0.093
26.100,-4.016,0.170
26.150,-2.728,0.234
26.200,-1.196,0.274
26.250,0.446,0.288
26.300,2.050,0.276
26.350,3.473,0.241
26.400,4.575,0.181
26.450,5.255,0.105
26.500,5.449,0.020
26.550,5.142,-0.066
26.600,4.357,-0.146
26.650,3.175,-0.218
26.700,1.708,-0.266
26.750,0.096,-0.289
26.800,-1.525,-0.287
26.850,-3.006,-0.258
26.900,-4.223,-0.204
26.950,-5.057,-0.133
27.000,-5.428,-0.052
27.050,-5.296,0.036
27.100,-4.667,0.121
27.150,-3.607,0.196
27.200,-2.217,0.250
27.250,-0.628,0.280
27.300,1.013,0.287
27.350,2.571,0.268
27.400,3.895,0.221
27.450,4.861,0.156
27.500,5.378,0.077
27.550,5.402,-0.009
27.600,4.920,-0.096
27.650,3.987,-0.175
27.700,2.692,-0.236
27.750,1.159,-0.276
27.800,-0.474,-0.291
27.850,-2.058,-0.276
27.900,-3.466,-0.239
27.950,-4.560,-0.180
28.000,-5.241,-0.106
28.050,-5.440,-0.019
28.100,-5.131,0.067
28.150,-4.342,0.149
28.200,-3.155,0.216
28.250,-1.683,0.263
28.300,-0.063,0.287
28.350,1.569,0.284
28.400,3.062,0.254
28.450,4.274,0.201
28.500,5.096,0.130
28.550,5.441,0.047
28.600,5.292,-0.039
28.650,4.646,-0.123
28.700,3.576,-0.198
28.750,2.185,-0.254
28.800,0.601,-0.285
28.850,-1.032,-0.289
28.900,-2.572,-0.269
28.950,-3.886,-0.224
29.000,-4.846,-0.157
29.050,-5.367,-0.077
29.100,-5.391,0.009
29.150,-4.909,0.096
29.200,-3.973,0.173
29.250,-2.674,0.236
29.300,-1.133,0.274
29.350,0.511,0.289
29.400,2.111,0.277
29.450,3.520,0.239
29.500,4.609,0.178
29.550,5.270,0.103
29.600,5.448,0.017
29.650,5.120,-0.070
29.700,4.318,-0.151
29.750,3.123,-0.221
29.800,1.647,-0.267
29.850,0.036,-0.290
29.900,-1.584,-0.286
29.950,-3.062,-0.256
30.000,-4.263,-0.202
30.050,-5.080,-0.132
30.100,-5.433,-0.050
30.150,-5.281,0.038
30.200,-4.633,0.124
30.250,-3.557,0.198
30.300,-2.158,0.251
30.350,-0.567,0.283
30.400,1.075,0.289
30.450,2.625,0.267
30.500,3.939,0.221
30.550,4.891,0.154
30.600,5.386,0.074
30.650,5.391,-0.013
30.700,4.893,-0.098
30.750,3.944,-0.175
30.800,2.637,-0.241
30.850,1.105,-0.278
30.900,-0.532,-0.292
30.950,-2.118,-0.278
31.000,-3.515,-0.242
31.050,-4.593,-0.182
31.100,-5.258,-0.104
31.150,-5.438,-0.018
31.200,-5.110,0.068
31.250,-4.304,0.150
31.300,-3.105,0.219
31.350,-1.625,0.266
31.400,0.000,0.288
31.450,1.628,0.285
31.500,3.115,0.253
31.550,4.316,0.201
31.600,5.118,0.129
31.650,5.445,0.046
31.700,5.275,-0.041
31.750,4.613,-0.125
31.800,3.528,-0.200
31.850,2.127,-0.257
31.900,0.540,-0.287
31.950,-1.095,-0.292
32.000,-2.627,-0.270
32.050,-3.928,-0.223
32.100,-4.874,-0.156
32.150,-5.377,-0.077
32.200,-5.382,0.010
32.250,-4.883,0.098
32.300,-3.931,0.176
32.350,-2.618,0.238
32.400,-1.070,0.277
32.450,0.574,0.291
32.500,2.168,0.277
32.550,3.568,0.239
32.600,4.642,0.179
32.650,5.287,0.101
32.700,5.444,0.016
32.750,5.098,-0.071
32.800,4.276,-0.151
32.850,3.078,-0.222
32.900,1.589,-0.270
32.950,-0.034,-0.293
33.000,-1.647,-0.287
33.050,-3.113,-0.257
33.100,-4.301,-0.203
33.150,-5.102,-0.131
33.200,-5.437,-0.047
33.250,-5.264,0.041
33.300,-4.599,0.125
33.350,-3.508,0.200
33.400,-2.100,0.254
33.450,-0.505,0.284
33.500,1.136,0.290
33.550,2.681,0.268
33.600,3.982,0.219
33.650,4.918,0.153
33.700,5.397,0.073
33.750,5.382,-0.014
33.800,4.863,-0.101
33.850,3.910,-0.176
33.900,2.580,-0.242
33.950,1.041,-0.280
34.000,-0.594,-0.293
34.050,-2.173,-0.281
34.100,-3.561,-0.240
34.150,-4.626,-0.179
34.200,-5.273,-0.103
34.250,-5.435,-0.017
34.300,-5.088,0.071
34.350,-4.266,0.154
34.400,-3.054,0.219
34.450,-1.566,0.269
34.500,0.063,0.290
34.550,1.691,0.284
34.600,3.167,0.252
34.650,4.354,0.199
34.700,5.141,0.127
34.750,5.448,0.043
34.800,5.259,-0.045
34.850,4.584,-0.127
34.900,3.477,-0.203
34.950,2.064,-0.257
35.000,0.475,-0.286
35.050,-1.156,-0.291
35.100,-2.683,-0.268
35.150,-3.971,-0.221
35.200,-4.903,-0.154
35.250,-5.386,-0.073
35.300,-5.372,0.014
35.350,-4.855,0.102
35.400,-3.885,0.179
35.450,-2.561,0.240
35.500,-1.007,0.278
35.550,0.637,0.291
35.600,2.225,0.276
35.650,3.615,0.237
35.700,4.674,0.175
35.750,5.302,0.099
35.800,5.439,0.012
35.850,5.084,-0.075
35.900,4.240,-0.153
35.950,3.014,-0.224
36.000,1.528,-0.271
36.050,-0.093,-0.293
36.100,-1.704,-0.287
36.150,-3.163,-0.254
36.200,-4.338,-0.200
36.250,-5.124,-0.130
36.300,-5.440,-0.045
36.350,-5.248,0.044
36.400,-4.564,0.129
36.450,-3.461,0.202
36.500,-2.043,0.255
36.550,-0.445,0.284
36.600,1.196,0.290
36.650,2.735,0.266
36.700,4.025,0.218
36.750,4.946,0.150
36.800,5.405,0.069
36.850,5.373,-0.018
36.900,4.838,-0.104
36.950,3.854,-0.180
37.000,2.533,-0.245
37.050,0.980,-0.282
37.100,-0.655,-0.294
37.150,-2.230,-0.279
37.200,-3.608,-0.240
37.250,-4.659,-0.178
37.300,-5.289,-0.100
37.350,-5.431,-0.013
37.400,-5.064,0.074
37.450,-4.227,0.156
37.500,-3.002,0.222
37.550,-1.504,0.270
37.600,0.127,0.291
37.650,1.751,0.285
37.700,3.218,0.252
37.750,4.389,0.198
37.800,5.161,0.124
37.850,5.456,0.041
37.900,5.238,-0.047
37.950,4.538,-0.131
38.000,3.427,-0.205
38.050,2.009,-0.261
38.100,0.412,-0.290
38.150,-1.217,-0.292
38.200,-2.738,-0.269
38.250,-4.014,-0.221
38.300,-4.929,-0.153
38.350,-5.395,-0.072
38.400,-5.361,0.016
38.450,-4.825,0.102
38.500,-3.840,0.181
38.550,-2.505,0.242
38.600,-0.945,0.279
38.650,0.697,0.291
38.700,2.281,0.276
38.750,3.662,0.237
38.800,4.704,0.174
38.850,5.326,0.096
38.900,5.438,0.011
38.950,5.045,-0.077
39.000,4.198,-0.157
39.050,2.967,-0.227
39.100,1.470,-0.274
39.150,-0.154,-0.293
39.200,-1.762,-0.287
39.250,-3.214,-0.255
39.300,-4.376,-0.200
39.350,-5.145,-0.127
39.400,-5.441,-0.042
39.450,-5.230,0.046
39.500,-4.529,0.133
39.550,-3.412,0.205
39.600,-1.986,0.257
39.650,-0.383,0.286
39.700,1.259,0.290
39.750,2.790,0.266
39.800,4.070,0.217
39.850,4.977,0.149
39.900,5.409,0.068
39.950,5.357,-0.020
40.000,4.806,-0.106
40.050,3.813,-0.182
40.100,2.473,-0.247
40.150,0.917,-0.283
40.200,-0.718,-0.295
40.250,-2.290,-0.278
40.300,-3.653,-0.238
40.350,-4.691,-0.176
40.400,-5.303,-0.098
40.450,-5.426,-0.011
40.500,-5.042,0.077
40.550,-4.187,0.158
40.600,-2.949,0.224
40.650,-1.442,0.271
40.700,0.192,0.292
40.750,1.810,0.283
40.800,3.266,0.251
40.850,4.436,0.197
40.900,5.181,0.122
40.950,5.445,0.037
41.000,5.222,-0.050
41.050,4.507,-0.134
41.100,3.379,-0.207
41.150,1.949,-0.262
41.200,0.349,-0.290
41.250,-1.279,-0.291
41.300,-2.793,-0.268
41.350,-4.056,-0.218
41.400,-4.956,-0.150
41.450,-5.403,-0.069
41.500,-5.350,0.020
41.550,-4.794,0.106
41.600,-3.795,0.183
41.650,-2.449,0.244
41.700,-0.885,0.280
41.750,0.757,0.291
41.800,2.338,0.275
41.850,3.709,0.235
41.900,4.739,0.171
41.950,5.329,0.094
42.000,5.431,0.007
42.050,5.028,-0.080
42.100,4.161,-0.162
42.150,2.916,-0.228
42.200,1.412,-0.271
42.250,-0.214,-0.292
42.300,-1.820,-0.285
42.350,-3.262,-0.251
42.400,-4.413,-0.194
42.450,-5.165,-0.121
42.500,-5.443,-0.037
42.550,-5.213,0.051
42.600,-4.495,0.135
42.650,-3.365,0.207
42.700,-1.929,0.259
42.750,-0.320,0.287
42.800,1.321,0.289
42.850,2.850,0.265
42.900,4.107,0.216
42.950,4.993,0.146
43.000,5.419,0.063
43.050,5.348,-0.024
43.100,4.776,-0.109
43.150,3.766,-0.185
43.200,2.416,-0.249
43.250,0.853,-0.284
43.300,-0.782,-0.294
43.350,-2.344,-0.277
43.400,-3.700,-0.237
43.450,-4.722,-0.173
43.500,-5.318,-0.095
43.550,-5.421,-0.007
43.600,-5.017,0.080
43.650,-4.146,0.162
43.700,-2.893,0.227
43.750,-1.381,0.272
43.800,0.254,0.291
43.850,1.872,0.284
43.900,3.316,0.250
43.950,4.458,0.193
44.000,5.197,0.119
44.050,5.450,0.034
44.100,5.204,-0.054
44.150,4.472,-0.136
44.200,3.332,-0.211
44.250,1.892,-0.262
44.300,0.288,-0.290
44.350,-1.337,-0.291
44.400,-2.845,-0.267
44.450,-4.097,-0.216
44.500,-4.980,-0.147
44.550,-5.411,-0.065
44.600,-5.337,0.022
44.650,-4.764,0.109
44.700,-3.749,0.187
44.750,-2.395,0.246
44.800,-0.824,0.280
44.850,0.821,0.293
44.900,2.394,0.276
44.950,3.751,0.234
45.000,4.767,0.169
45.050,5.343,0.092
45.100,5.425,0.004
45.150,5.003,-0.083
45.200,4.120,-0.160
45.250,2.859,-0.232
45.300,1.352,-0.276
45.350,-0.275,-0.296
45.400,-1.878,-0.286
45.450,-3.313,-0.251
45.500,-4.449,-0.195
45.550,-5.185,-0.122
45.600,-5.444,-0.035
45.650,-5.194,0.054
45.700,-4.460,0.138
45.750,-3.316,0.208
45.800,-1.870,0.260
45.850,-0.250,0.290
45.900,1.384,0.290
45.950,2.898,0.264
46.000,4.145,0.213
46.050,5.022,0.145
46.100,5.427,0.061
46.150,5.336,-0.026
46.200,4.744,-0.111
46.250,3.720,-0.188
46.300,2.357,-0.251
46.350,0.791,-0.285
46.400,-0.845,-0.293
46.450,-2.403,-0.277
46.500,-3.747,-0.235
46.550,-4.754,-0.171
46.600,-5.331,-0.091
46.650,-5.414,-0.004
46.700,-4.991,0.083
46.750,-4.103,0.163
46.800,-2.839,0.230
46.850,-1.317,0.275
46.900,0.315,0.293
46.950,1.923,0.283
47.000,3.364,0.248
47.050,4.499,0.192
47.100,5.218,0.117
47.150,5.452,0.032
47.200,5.186,-0.056
47.250,4.436,-0.139
47.300,3.282,-0.213
47.350,1.837,-0.265
47.400,0.228,-0.291
47.450,-1.396,-0.292
47.500,-2.897,-0.266
47.550,-4.137,-0.214
47.600,-5.006,-0.145
47.650,-5.417,-0.063
47.700,-5.325,0.025
47.750,-4.733,0.112
47.800,-3.704,0.190
47.850,-2.337,0.248
47.900,-0.763,0.282
47.950,0.878,0.291
48.000,2.453,0.274
48.050,3.801,0.232
48.100,4.800,0.166
48.150,5.354,0.088
48.200,5.418,0.000
48.250,4.977,-0.087
48.300,4.076,-0.165
48.350,2.808,-0.234
48.400,1.288,-0.277
48.450,-0.341,-0.295
48.500,-1.938,-0.286
48.550,-3.363,-0.250
48.600,-4.485,-0.193
48.650,-5.203,-0.118
48.700,-5.443,-0.032
48.750,-5.176,0.057
48.800,-4.423,0.140
48.850,-3.261,0.213
48.900,-1.807,0.263
48.950,-0.193,0.290
49.000,1.441,0.290
49.050,2.950,0.261
49.100,4.191,0.211
49.150,5.048,0.142
49.200,5.432,0.058
49.250,5.322,-0.029
49.300,4.712,-0.114
49.350,3.676,-0.191
49.400,2.304,-0.252
49.450,0.730,-0.286
49.500,-0.905,-0.295
49.550,-2.457,-0.276
49.600,-3.791,-0.234
49.650,-4.784,-0.168
49.700,-5.343,-0.088
49.750,-5.408,-0.001
49.800,-4.965,0.086
49.850,-4.061,0.167
49.900,-2.786,0.233
49.950,-1.265,0.275
50.000,0.376,0.292
50.050,1.985,0.282
50.100,3.417,0.247
50.150,4.536,0.189
50.200,5.236,0.114
50.250,5.452,0.028
50.300,5.162,-0.060
50.350,4.404,-0.141
50.400,3.234,-0.215
50.450,1.777,-0.266
50.500,0.167,-0.292
50.550,-1.457,-0.291
50.600,-2.949,-0.264
50.650,-4.178,-0.212
50.700,-5.031,-0.143
50.750,-5.423,-0.060
50.800,-5.311,0.028
50.850,-4.701,0.115
50.900,-3.660,0.193
50.950,-2.283,0.249
51.000,-0.699,0.282
51.050,0.946,0.292
51.100,2.509,0.274
51.150,3.845,0.229
51.200,4.830,0.164
51.250,5.366,0.085
51.300,5.409,-0.002
51.350,4.952,-0.089
51.400,4.035,-0.167
51.450,2.753,-0.235
51.500,1.226,-0.278
51.550,-0.405,-0.295
51.600,-1.998,-0.284
51.650,-3.413,-0.248
51.700,-4.521,-0.191
51.750,-5.221,-0.115
51.800,-5.443,-0.030
51.850,-5.155,0.059
51.900,-4.384,0.143
51.950,-3.211,0.213
52.000,-1.747,0.264
52.050,-0.134,0.290
52.100,1.500,0.288
52.150,3.003,0.260
52.200,4.232,0.209
52.250,5.070,0.139
52.300,5.436,0.055
52.350,5.310,-0.032
52.400,4.683,-0.117
52.450,3.630,-0.194
52.500,2.250,-0.254
52.550,0.671,-0.287
52.600,-0.964,-0.294
52.650,-2.511,-0.276
52.700,-3.836,-0.232
52.750,-4.814,-0.166
52.800,-5.355,-0.087
52.850,-5.401,0.002
52.900,-4.939,0.089
52.950,-4.022,0.168
53.000,-2.734,0.233
53.050,-1.201,0.275
53.100,0.441,0.291
53.150,2.046,0.280
53.200,3.467,0.245
53.250,4.570,0.187
53.300,5.251,0.110
53.350,5.452,0.025
53.400,5.145,-0.063
53.450,4.360,-0.146
53.500,3.180,-0.216
53.550,1.715,-0.264
53.600,0.101,-0.289
53.650,-1.518,-0.288
53.700,-3.003,-0.260
53.750,-4.219,-0.207
53.800,-5.054,-0.137
53.850,-5.428,-0.054
53.900,-5.297,0.034
53.950,-4.670,0.119
54.000,-3.609,0.194
54.050,-2.222,0.251
54.100,-0.636,0.283
54.150,1.007,0.292
54.200,2.563,0.273
54.250,3.890,0.228
54.300,4.859,0.162
54.350,5.377,0.082
54.400,5.402,-0.004
54.450,4.924,-0.091
54.500,3.993,-0.169
54.550,2.701,-0.238
54.600,1.168,-0.281
54.650,-0.464,-0.296
54.700,-2.053,-0.284
54.750,-3.460,-0.247
54.800,-4.555,-0.190
54.850,-5.239,-0.112
54.900,-5.440,-0.026
54.950,-5.133,0.062
55.000,-4.346,0.145
55.050,-3.161,0.215
55.100,-1.692,0.264
55.150,-0.070,0.290
55.200,1.563,0.287
55.250,3.057,0.258
55.300,4.266,0.206
55.350,5.097,0.135
55.400,5.444,0.051
55.450,5.293,-0.036
55.500,4.649,-0.121
55.550,3.581,-0.197
55.600,2.190,-0.254
55.650,0.607,-0.285
55.700,-1.026,-0.291
55.750,-2.568,-0.272
55.800,-3.880,-0.228
55.850,-4.843,-0.161
55.900,-5.365,-0.080
55.950,-5.392,0.006
56.000,-4.913,0.093
56.050,-3.978,0.170
56.100,-2.678,0.236
56.150,-1.137,0.276
56.200,0.504,0.291
56.250,2.103,0.280
56.300,3.513,0.243
56.350,4.606,0.184
56.400,5.270,0.107
56.450,5.448,0.022
56.500,5.123,-0.067
56.550,4.323,-0.148
56.600,3.128,-0.220
56.650,1.655,-0.268
56.700,0.040,-0.293
56.750,-1.577,-0.291
56.800,-3.055,-0.262
56.850,-4.256,-0.208
56.900,-5.077,-0.137
56.950,-5.432,-0.054
57.000,-5.282,0.034
57.050,-4.635,0.120
57.100,-3.562,0.197
57.150,-2.166,0.251
57.200,-0.576,0.284
57.250,1.067,0.291
57.300,2.619,0.270
57.350,3.935,0.224
57.400,4.888,0.159
57.450,5.387,0.079
57.500,5.393,-0.009
57.550,4.897,-0.095
57.600,3.950,-0.174
57.650,2.646,-0.240
57.700,1.109,-0.282
57.750,-0.526,-0.295
57.800,-2.108,-0.283
57.850,-3.506,-0.244
57.900,-4.590,-0.186
57.950,-5.256,-0.109
58.000,-5.439,-0.022
58.050,-5.112,0.065
58.100,-4.310,0.148
58.150,-3.111,0.217
58.200,-1.629,0.266
58.250,-0.003,0.292
58.300,1.623,0.287
58.350,3.110,0.258
58.400,4.310,0.205
58.450,5.116,0.134
58.500,5.445,0.050
58.550,5.277,-0.038
58.600,4.615,-0.123
58.650,3.531,-0.200
58.700,2.130,-0.255
58.750,0.543,-0.286
58.800,-1.090,-0.293
58.850,-2.620,-0.270
58.900,-3.923,-0.225
58.950,-4.872,-0.159
59.000,-5.376,-0.079
59.050,-5.383,0.008
59.100,-4.884,0.096
59.150,-3.933,0.173
59.200,-2.623,0.238
59.250,-1.078,0.277
59.300,0.562,0.291
59.350,2.162,0.278
59.400,3.563,0.242
59.450,4.639,0.182
59.500,5.285,0.105
59.550,5.445,0.019
59.600,5.102,-0.070
59.650,4.285,-0.151
59.700,3.079,-0.220
59.750,1.598,-0.270
59.800,-0.022,-0.294
59.850,-1.632,-0.290
59.900,-3.104,-0.259
59.950,-4.297,-0.206
60.000,-5.100,-0.135
60.050,-5.437,-0.051
60.100,-5.266,0.038
60.150,-4.604,0.123
60.200,-3.516,0.198
60.250,-2.108,0.253
60.300,-0.514,0.283
60.350,1.134,0.290
60.400,2.676,0.270
60.450,3.977,0.223
60.500,4.915,0.156
60.550,5.393,0.076
60.600,5.382,-0.011
60.650,4.868,-0.098
60.700,3.905,-0.175
60.750,2.588,-0.243
60.800,1.042,-0.282
60.850,-0.587,-0.295
60.900,-2.169,-0.282
60.950,-3.557,-0.244
61.000,-4.623,-0.185
61.050,-5.272,-0.108
61.100,-5.435,-0.020
61.150,-5.090,0.068
61.200,-4.269,0.152
61.250,-3.057,0.218
61.300,-1.570,0.266
61.350,0.057,0.290
61.400,1.681,0.285
61.450,3.160,0.255
61.500,4.348,0.201
61.550,5.137,0.130
61.600,5.448,0.046
61.650,5.260,-0.042
61.700,4.583,-0.126
61.750,3.487,-0.201
61.800,2.076,-0.259
61.850,0.484,-0.289
61.900,-1.148,-0.294
61.950,-2.678,-0.273
62.000,-3.964,-0.225
62.050,-4.899,-0.158
62.100,-5.385,-0.077
62.150,-5.373,0.009
62.200,-4.856,0.098
62.250,-3.891,0.177
62.300,-2.570,0.238
62.350,-1.015,0.278
62.400,0.629,0.291
62.450,2.220,0.278
62.500,3.611,0.240
62.550,4.671,0.178
62.600,5.300,0.102
62.650,5.442,0.016
62.700,5.077,-0.073
62.750,4.245,-0.154
62.800,3.022,-0.224
62.850,1.541,-0.269
62.900,-0.085,-0.292
62.950,-1.701,-0.288
63.000,-3.159,-0.257
63.050,-4.335,-0.203
63.100,-5.122,-0.131
63.150,-5.440,-0.047
63.200,-5.250,0.043
63.250,-4.568,0.127
63.300,-3.466,0.200
63.350,-2.048,0.255
63.400,-0.450,0.286
63.450,1.190,0.291
63.500,2.729,0.268
63.550,4.020,0.222
63.600,4.942,0.154
63.650,5.404,0.072
63.700,5.373,-0.015
63.750,4.839,-0.100
63.800,3.862,-0.178
63.850,2.542,-0.243
63.900,0.986,-0.282
63.950,-0.650,-0.293
64.000,-2.228,-0.281
64.050,-3.602,-0.242
64.100,-4.656,-0.182
64.150,-5.287,-0.102
64.200,-5.431,-0.016
64.250,-5.067,0.071
64.300,-4.231,0.153
64.350,-3.008,0.224
64.400,-1.512,0.269
64.450,0.120,0.290
64.500,1.744,0.285
64.550,3.212,0.254
64.600,4.387,0.200
64.650,5.158,0.126
64.700,5.449,0.042
64.750,5.243,-0.045
64.800,4.550,-0.130
64.850,3.437,-0.205
64.900,2.014,-0.259
64.950,0.415,-0.289
65.000,-1.212,-0.294
65.050,-2.732,-0.272
65.100,-4.009,-0.224
65.150,-4.926,-0.155
65.200,-5.395,-0.075
65.250,-5.363,0.012
65.300,-4.827,0.100
65.350,-3.845,0.180
65.400,-2.510,0.241
65.450,-0.953,0.278
65.500,0.689,0.292
65.550,2.274,0.279
65.600,3.657,0.238
65.650,4.703,0.177
65.700,5.314,0.099
65.750,5.438,0.013
65.800,5.055,-0.075
65.850,4.206,-0.155
65.900,2.980,-0.226
65.950,1.474,-0.274
66.000,-0.147,-0.296
66.050,-1.755,-0.290
66.100,-3.206,-0.257
66.150,-4.372,-0.202
66.200,-5.142,-0.130
66.250,-5.441,-0.046
66.300,-5.232,0.044
66.350,-4.534,0.130
66.400,-3.420,0.202
66.450,-1.994,0.255
66.500,-0.387,0.285
66.550,1.253,0.291
66.600,2.785,0.266
66.650,4.062,0.217
66.700,4.969,0.151
66.750,5.411,0.069
66.800,5.362,-0.019
66.850,4.808,-0.104
66.900,3.816,-0.183
66.950,2.477,-0.245
67.000,0.924,-0.282
67.050,-0.711,-0.293
67.100,-2.283,-0.278
67.150,-3.652,-0.239
67.200,-4.688,-0.178
67.250,-5.303,-0.100
67.300,-5.427,-0.013
67.350,-5.043,0.075
67.400,-4.190,0.156
67.450,-2.952,0.223
67.500,-1.448,0.270
67.550,0.183,0.292
67.600,1.801,0.285
67.650,3.261,0.253
67.700,4.423,0.198
67.750,5.178,0.125
67.800,5.450,0.040
67.850,5.232,-0.046
67.900,4.511,-0.134
67.950,3.381,-0.207
68.000,1.958,-0.260
68.050,0.358,-0.288
68.100,-1.269,-0.292
68.150,-2.785,-0.269
68.200,-4.051,-0.220
68.250,-4.952,-0.151
68.300,-5.403,-0.071
68.350,-5.351,0.017
68.400,-4.797,0.104
68.450,-3.801,0.183
68.500,-2.457,0.242
68.550,-0.895,0.280
68.600,0.752,0.291
68.650,2.333,0.276
68.700,3.705,0.236
68.750,4.734,0.173
68.800,5.324,0.096
68.850,5.441,0.009
68.900,5.031,-0.078
68.950,4.157,-0.158
69.000,2.918,-0.228
69.050,1.415,-0.274
69.100,-0.210,-0.296
69.150,-1.814,-0.287
69.200,-3.258,-0.254
69.250,-4.409,-0.200
69.300,-5.162,-0.128
69.350,-5.443,-0.041
69.400,-5.215,0.048
69.450,-4.499,0.133
69.500,-3.368,0.205
69.550,-1.932,0.258
69.600,-0.323,0.287
69.650,1.314,0.291
69.700,2.836,0.265
69.750,4.104,0.217
69.800,4.996,0.149
69.850,5.425,0.068
69.900,5.345,-0.021
69.950,4.774,-0.106
70.000,3.771,-0.184
70.050,2.421,-0.249
70.100,0.860,-0.286
70.150,-0.773,-0.295
70.200,-2.339,-0.281
70.250,-3.696,-0.240
70.300,-4.720,-0.178
70.350,-5.316,-0.098
70.400,-5.421,-0.012
70.450,-5.019,0.076
70.500,-4.149,0.159
70.550,-2.901,0.226
70.600,-1.391,0.271
70.650,0.244,0.292
70.700,1.861,0.284
70.750,3.312,0.251
70.800,4.460,0.195
70.850,5.198,0.121
70.900,5.450,0.036
70.950,5.215,-0.051
71.000,4.475,-0.135
71.050,3.331,-0.210
71.100,1.898,-0.261
71.150,0.297,-0.290
71.200,-1.332,-0.292
71.250,-2.840,-0.267
71.300,-4.093,-0.218
71.350,-4.979,-0.149
71.400,-5.409,-0.068
71.450,-5.340,0.020
71.500,-4.768,0.107
71.550,-3.755,0.184
71.600,-2.399,0.245
71.650,-0.829,0.283
71.700,0.816,0.293
71.750,2.388,0.277
71.800,3.749,0.236
71.850,4.766,0.174
71.900,5.340,0.094
71.950,5.420,0.007
72.000,5.007,-0.080
72.050,4.122,-0.165
72.100,2.865,-0.230
72.150,1.355,-0.275
72.200,-0.272,-0.294
72.250,-1.874,-0.285
72.300,-3.309,-0.253
72.350,-4.446,-0.197
72.400,-5.182,-0.122
72.450,-5.443,-0.037
72.500,-5.196,0.051
72.550,-4.462,0.135
72.600,-3.319,0.207
72.650,-1.876,0.259
72.700,-0.265,0.289
72.750,1.372,0.290
72.800,2.892,0.264
72.850,4.152,0.217
72.900,5.016,0.147
72.950,5.420,0.064
73.000,5.334,-0.023
73.050,4.747,-0.110
73.100,3.724,-0.189
73.150,2.366,-0.248
73.200,0.799,-0.283
73.250,-0.836,-0.293
73.300,-2.396,-0.277
73.350,-3.741,-0.236
73.400,-4.750,-0.172
73.450,-5.330,-0.093
73.500,-5.416,-0.006
73.550,-4.995,0.081
73.600,-4.110,0.161
73.650,-2.847,0.229
73.700,-1.327,0.273
73.750,0.310,0.291
73.800,1.920,0.281
73.850,3.369,0.251
73.900,4.494,0.193
73.950,5.208,0.118
74.000,5.449,0.033
74.050,5.185,-0.055
74.100,4.438,-0.138
74.150,3.285,-0.212
74.200,1.839,-0.264
74.250,0.232,-0.291
74.300,-1.393,-0.292
74.350,-2.892,-0.266
74.400,-4.135,-0.217
74.450,-5.004,-0.147
74.500,-5.416,-0.066
74.550,-5.326,0.023
74.600,-4.736,0.111
74.650,-3.708,0.189
74.700,-2.344,0.247
74.750,-0.771,0.283
74.800,0.876,0.292
74.850,2.448,0.276
74.900,3.791,0.234
74.950,4.792,0.172
75.000,5.350,0.091
75.050,5.417,0.004
75.100,4.978,-0.085
75.150,4.082,-0.167
75.200,2.814,-0.231
75.250,1.297,-0.276
75.300,-0.335,-0.295
75.350,-1.930,-0.283
75.400,-3.358,-0.251
75.450,-4.481,-0.195
75.500,-5.202,-0.120
75.550,-5.443,-0.034
75.600,-5.177,0.055
75.650,-4.428,0.138
75.700,-3.269,0.209
75.750,-1.815,0.262
75.800,-0.199,0.289
75.850,1.436,0.289
75.900,2.942,0.264
75.950,4.194,0.216
76.000,5.043,0.145
76.050,5.424,0.060
76.100,5.320,-0.026
76.150,4.715,-0.112
76.200,3.677,-0.192
76.250,2.307,-0.251
76.300,0.734,-0.284
76.350,-0.899,-0.292
76.400,-2.453,-0.277
76.450,-3.787,-0.235
76.500,-4.781,-0.170
76.550,-5.342,-0.090
76.600,-5.408,-0.003
76.650,-4.968,0.084
76.700,-4.066,0.164
76.750,-2.792,0.231
76.800,-1.270,0.272
76.850,0.369,0.292
76.900,1.977,0.283
76.950,3.410,0.248
77.000,4.530,0.190
77.050,5.232,0.116
77.100,5.452,0.030
77.150,5.166,-0.059
77.200,4.402,-0.141
77.250,3.237,-0.212
77.300,1.781,-0.267
77.350,0.173,-0.293
77.400,-1.451,-0.293
77.450,-2.945,-0.266
77.500,-4.174,-0.215
77.550,-5.028,-0.145
77.600,-5.422,-0.063
77.650,-5.313,0.026
77.700,-4.705,0.113
77.750,-3.664,0.191
77.800,-2.288,0.248
77.850,-0.703,0.283
77.900,0.940,0.292
77.950,2.497,0.274
78.000,3.840,0.230
78.050,4.825,0.166
78.100,5.364,0.086
78.150,5.409,-0.002
78.200,4.952,-0.087
78.250,4.038,-0.167
78.300,2.756,-0.237
78.350,1.232,-0.278
78.400,-0.398,-0.294
78.450,-1.992,-0.285
78.500,-3.408,-0.250
78.550,-4.517,-0.193
78.600,-5.220,-0.117
78.650,-5.443,-0.030
78.700,-5.156,0.057
78.750,-4.388,0.141
78.800,-3.216,0.213
78.850,-1.752,0.264
78.900,-0.138,0.290
78.950,1.490,0.289
79.000,2.995,0.262
79.050,4.225,0.212
79.100,5.065,0.140
79.150,5.435,0.057
79.200,5.307,-0.030
79.250,4.685,-0.116
79.300,3.631,-0.194
79.350,2.255,-0.254
79.400,0.677,-0.287
79.450,-0.958,-0.295
79.500,-2.506,-0.277
79.550,-3.831,-0.234
79.600,-4.811,-0.168
79.650,-5.353,-0.088
79.700,-5.402,-0.002
79.750,-4.943,0.086
79.800,-4.026,0.167
79.850,-2.738,0.233
79.900,-1.207,0.277
79.950,0.430,0.292
80.000,2.037,0.282
80.050,3.461,0.247
80.100,4.564,0.189
80.150,5.250,0.113
80.200,5.448,0.027
80.250,5.146,-0.061
80.300,4.362,-0.144
80.350,3.184,-0.217
80.400,1.719,-0.268
80.450,0.105,-0.294
80.500,-1.512,-0.293
80.550,-2.997,-0.266
80.600,-4.215,-0.213
80.650,-5.052,-0.143
80.700,-5.427,-0.061
80.750,-5.298,0.029
80.800,-4.672,0.117
80.850,-3.615,0.193
80.900,-2.228,0.249
80.950,-0.643,0.283
81.000,1.003,0.294
81.050,2.558,0.274
81.100,3.877,0.228
81.150,4.852,0.164
81.200,5.373,0.084
81.250,5.401,-0.003
81.300,4.923,-0.092
81.350,3.998,-0.168
81.400,2.705,-0.236
81.450,1.174,-0.279
81.500,-0.458,-0.296
81.550,-2.047,-0.284
81.600,-3.455,-0.248
81.650,-4.552,-0.190
81.700,-5.237,-0.115
81.750,-5.441,-0.028
81.800,-5.135,0.061
81.850,-4.351,0.144
81.900,-3.168,0.216
81.950,-1.700,0.264
82.000,-0.078,0.290
82.050,1.556,0.289
82.100,3.049,0.259
82.150,4.265,0.208
82.200,5.089,0.137
82.250,5.440,0.053
82.300,5.291,-0.034
82.350,4.653,-0.119
82.400,3.583,-0.196
82.450,2.195,-0.255
82.500,0.612,-0.287
82.550,-1.020,-0.293
82.600,-2.563,-0.274
82.650,-3.876,-0.231
82.700,-4.840,-0.164
82.750,-5.365,-0.084
82.800,-5.393,0.003
82.850,-4.916,0.091
82.900,-3.982,0.170
82.950,-2.684,0.235
83.000,-1.144,0.277
83.050,0.496,0.292
83.100,2.095,0.281
83.150,3.507,0.245
83.200,4.599,0.186
83.250,5.266,0.110
83.300,5.446,0.024
83.350,5.125,-0.064
83.400,4.325,-0.146
83.450,3.134,-0.218
83.500,1.661,-0.268
83.550,0.046,-0.294
83.600,-1.571,-0.293
83.650,-3.050,-0.263
83.700,-4.254,-0.210
83.750,-5.075,-0.141
83.800,-5.432,-0.057
83.850,-5.283,0.033
83.900,-4.639,0.120
83.950,-3.569,0.195
84.000,-2.173,0.251
84.050,-0.583,0.284
84.100,1.060,0.292
84.150,2.612,0.273
84.200,3.928,0.228
84.250,4.883,0.161
84.300,5.383,0.080
84.350,5.393,-0.007
84.400,4.897,-0.094
84.450,3.954,-0.172
84.500,2.649,-0.241
84.550,1.113,-0.281
84.600,-0.520,-0.296
84.650,-2.105,-0.283
84.700,-3.503,-0.248
84.750,-4.587,-0.188
84.800,-5.255,-0.112
84.850,-5.439,-0.025
84.900,-5.115,0.063
84.950,-4.314,0.147
85.000,-3.117,0.217
85.050,-1.636,0.266
85.100,-0.010,0.291
85.150,1.617,0.289
85.200,3.102,0.258
85.250,4.305,0.206
85.300,5.111,0.135
85.350,5.445,0.052
85.400,5.277,-0.036
85.450,4.614,-0.122
85.500,3.537,-0.198
85.550,2.136,-0.257
85.600,0.548,-0.288
85.650,-1.083,-0.295
85.700,-2.619,-0.275
85.750,-3.920,-0.231
85.800,-4.869,-0.163
85.850,-5.375,-0.082
85.900,-5.385,0.004
85.950,-4.887,0.093
86.000,-3.937,0.175
86.050,-2.628,0.238
86.100,-1.087,0.277
86.150,0.556,0.292
86.200,2.153,0.280
86.250,3.556,0.244
86.300,4.631,0.183
86.350,5.283,0.107
86.400,5.442,0.020
86.450,5.102,-0.068
86.500,4.288,-0.150
86.550,3.084,-0.221
86.600,1.604,-0.268
86.650,-0.015,-0.292
86.700,-1.631,-0.289
86.750,-3.100,-0.260
86.800,-4.292,-0.206
86.850,-5.097,-0.135
86.900,-5.436,-0.052
86.950,-5.267,0.037
87.000,-4.607,0.124
87.050,-3.522,0.198
87.100,-2.116,0.253
87.150,-0.520,0.286
87.200,1.124,0.292
87.250,2.669,0.272
87.300,3.971,0.225
87.350,4.914,0.159
87.400,5.393,0.078
87.450,5.383,-0.009
87.500,4.869,-0.096
87.550,3.908,-0.173
87.600,2.593,-0.243
87.650,1.049,-0.284
87.700,-0.584,-0.297
87.750,-2.164,-0.284
87.800,-3.552,-0.248
87.850,-4.618,-0.187
87.900,-5.270,-0.108
87.950,-5.435,-0.022
88.000,-5.093,0.066
88.050,-4.274,0.150
88.100,-3.063,0.219
88.150,-1.575,0.268
88.200,0.050,0.292
88.250,1.676,0.288
88.300,3.151,0.257
88.350,4.346,0.205
88.400,5.135,0.133
88.450,5.447,0.048
88.500,5.260,-0.038
88.550,4.584,-0.124
88.600,3.490,-0.203
88.650,2.081,-0.256
88.700,0.489,-0.286
88.750,-1.143,-0.292
88.800,-2.672,-0.272
88.850,-3.960,-0.225
88.900,-4.896,-0.157
88.950,-5.385,-0.078
89.000,-5.374,0.008
89.050,-4.859,0.097
89.100,-3.895,0.176
89.150,-2.575,0.239
89.200,-1.024,0.279
89.250,0.620,0.292
89.300,2.211,0.280
89.350,3.606,0.242
89.400,4.667,0.182
89.450,5.297,0.105
89.500,5.440,0.019
89.550,5.078,-0.070
89.600,4.248,-0.150
89.650,3.030,-0.225
89.700,1.541,-0.272
89.750,-0.078,-0.295
89.800,-1.692,-0.290
89.850,-3.149,-0.259
89.900,-4.331,-0.205
89.950,-5.119,-0.135
90.000,-5.439,-0.050
90.050,-5.252,0.039
90.100,-4.573,0.126
90.150,-3.472,0.200
90.200,-2.055,0.255
90.250,-0.456,0.286
90.300,1.184,0.291
90.350,2.723,0.270
90.400,4.015,0.223
90.450,4.939,0.156
90.500,5.398,0.074
90.550,5.374,-0.014
90.600,4.841,-0.099
90.650,3.864,-0.180
90.700,2.536,-0.243
90.750,0.989,-0.281
90.800,-0.646,-0.294
90.850,-2.221,-0.281
90.900,-3.599,-0.242
90.950,-4.653,-0.183
91.000,-5.286,-0.104
91.050,-5.432,-0.016
91.100,-5.070,0.071
91.150,-4.233,0.153
91.200,-3.012,0.220
91.250,-1.515,0.270
91.300,0.108,0.291
91.350,1.734,0.287
91.400,3.204,0.255
91.450,4.381,0.202
91.500,5.154,0.129
91.550,5.449,0.045
91.600,5.244,-0.043
91.650,4.550,-0.128
91.700,3.441,-0.203
91.750,2.024,-0.258
91.800,0.426,-0.288
91.850,-1.198,-0.291
91.900,-2.725,-0.270
91.950,-4.005,-0.222
92.000,-4.923,-0.154
92.050,-5.393,-0.074
92.100,-5.364,0.014
92.150,-4.831,0.101
92.200,-3.852,0.178
92.250,-2.520,0.241
92.300,-0.963,0.279
92.350,0.685,0.293
92.400,2.270,0.279
92.450,3.652,0.240
92.500,4.699,0.179
92.550,5.311,0.101
92.600,5.436,0.015
92.650,5.055,-0.074
92.700,4.207,-0.153
92.750,2.976,-0.225
92.800,1.477,-0.272
92.850,-0.138,-0.295
92.900,-1.750,-0.288
92.950,-3.205,-0.258
93.000,-4.369,-0.204
93.050,-5.140,-0.132
93.100,-5.442,-0.046
93.150,-5.235,0.043
93.200,-4.537,0.128
93.250,-3.423,0.202
93.300,-1.997,0.255
93.350,-0.394,0.288
93.400,1.245,0.293
93.450,2.777,0.270
93.500,4.057,0.221
93.550,4.965,0.154
93.600,5.410,0.073
93.650,5.362,-0.016
93.700,4.811,-0.102
93.750,3.822,-0.183
93.800,2.488,-0.242
93.850,0.932,-0.281
93.900,-0.707,-0.293
93.950,-2.279,-0.279
94.000,-3.646,-0.241
94.050,-4.684,-0.179
94.100,-5.301,-0.101
94.150,-5.427,-0.013
94.200,-5.046,0.074
94.250,-4.194,0.154
94.300,-2.960,0.223
94.350,-1.459,0.271
94.400,0.174,0.293
94.450,1.795,0.285
94.500,3.255,0.254
94.550,4.418,0.200
94.600,5.174,0.126
94.650,5.449,0.041
94.700,5.225,-0.046
94.750,4.514,-0.131
94.800,3.392,-0.206
94.850,1.968,-0.260
94.900,0.365,-0.289
94.950,-1.266,-0.294
95.000,-2.782,-0.272
95.050,-4.047,-0.222
95.100,-4.950,-0.153
95.150,-5.401,-0.073
95.200,-5.353,0.015
95.250,-4.802,0.102
95.300,-3.806,0.181
95.350,-2.461,0.242
95.400,-0.898,0.281
95.450,0.747,0.292
95.500,2.326,0.278
95.550,3.696,0.240
95.600,4.733,0.177
95.650,5.325,0.099
95.700,5.430,0.011
95.750,5.032,-0.077
95.800,4.166,-0.158
95.850,2.924,-0.227
95.900,1.421,-0.275
95.950,-0.206,-0.296
96.000,-1.809,-0.290
96.050,-3.253,-0.255
96.100,-4.406,-0.201
96.150,-5.161,-0.128
96.200,-5.443,-0.041
96.250,-5.216,0.046
96.300,-4.501,0.133
96.350,-3.373,0.205
96.400,-1.939,0.257
96.450,-0.334,0.288
96.500,1.304,0.292
96.550,2.832,0.268
96.600,4.099,0.219
96.650,4.991,0.151
96.700,5.417,0.069
96.750,5.350,-0.018
96.800,4.781,-0.105
96.850,3.784,-0.184
96.900,2.431,-0.245
96.950,0.863,-0.283
97.000,-0.768,-0.293
97.050,-2.333,-0.278
97.100,-3.691,-0.239
97.150,-4.716,-0.176
97.200,-5.315,-0.099
97.250,-5.422,-0.012
97.300,-5.022,0.077
97.350,-4.155,0.161
97.400,-2.908,0.224
97.450,-1.397,0.271
97.500,0.239,0.292
97.550,1.856,0.286
97.600,3.306,0.254
97.650,4.455,0.196
97.700,5.194,0.123
97.750,5.451,0.039
97.800,5.206,-0.050
97.850,4.485,-0.134
97.900,3.342,-0.207
97.950,1.899,-0.259
98.000,0.298,-0.289
98.050,-1.327,-0.292
98.100,-2.835,-0.268
98.150,-4.089,-0.218
98.200,-4.976,-0.151
98.250,-5.409,-0.068
98.300,-5.341,0.020
98.350,-4.771,0.107
98.400,-3.760,0.184
98.450,-2.404,0.243
98.500,-0.837,0.281
98.550,0.807,0.293
98.600,2.382,0.276
98.650,3.744,0.237
98.700,4.763,0.173
98.750,5.338,0.094
98.800,5.426,0.008
98.850,5.013,-0.080
98.900,4.127,-0.159
98.950,2.867,-0.231
99.000,1.360,-0.276
99.050,-0.265,-0.294
99.100,-1.867,-0.287
99.150,-3.303,-0.254
99.200,-4.442,-0.199
99.250,-5.180,-0.125
99.300,-5.443,-0.039
99.350,-5.197,0.050
99.400,-4.466,0.134
99.450,-3.324,0.207
99.500,-1.882,0.259
99.550,-0.270,0.287
99.600,1.367,0.292
99.650,2.886,0.266
99.700,4.142,0.217
99.750,5.017,0.148
99.800,5.423,0.065
99.850,5.344,-0.021
99.900,4.753,-0.107
99.950,3.727,-0.185
100.000,2.368,-0.249
100.050,0.805,-0.284
100.100,-0.830,-0.294
100.150,-2.389,-0.279
100.200,-3.736,-0.237
100.250,-4.748,-0.175
100.300,-5.328,-0.093
100.350,-5.417,-0.007
100.400,-4.997,0.079
100.450,-4.113,0.161
100.500,-2.852,0.228
100.550,-1.334,0.273
100.600,0.305,0.293
100.650,1.915,0.286
100.700,3.356,0.251
100.750,4.490,0.196
100.800,5.213,0.121
100.850,5.451,0.036
100.900,5.187,-0.052
100.950,4.440,-0.139
101.000,3.293,-0.212
101.050,1.845,-0.261
101.100,0.238,-0.291
101.150,-1.387,-0.292
101.200,-2.888,-0.266
101.250,-4.130,-0.217
101.300,-5.001,-0.147
101.350,-5.416,-0.067
101.400,-5.328,0.022
101.450,-4.739,0.109
101.500,-3.713,0.189
101.550,-2.349,0.245
101.600,-0.776,0.281
101.650,0.868,0.292
101.700,2.439,0.275
101.750,3.790,0.233
101.800,4.794,0.170
101.850,5.351,0.091
101.900,5.419,0.003
101.950,4.986,-0.084
102.000,4.092,-0.162
102.050,2.822,-0.231
102.100,1.299,-0.275
102.150,-0.328,-0.294
102.200,-1.925,-0.285
102.250,-3.352,-0.251
102.300,-4.478,-0.196
