--- Pendolo di torsione ---
Tempo,Forzante,Pendolo
0.000,1.107,0.274
0.050,2.654,0.267
0.100,3.963,0.233
0.150,4.907,0.182
0.200,5.392,0.112
0.250,5.385,0.034
0.300,4.873,-0.050
0.350,3.899,-0.128
0.400,2.582,-0.194
0.450,1.037,-0.242
0.500,-0.599,-0.268
0.550,-2.181,-0.267
0.600,-3.566,-0.241
0.650,-4.631,-0.197
0.700,-5.276,-0.133
0.750,-5.432,-0.056
0.800,-5.079,0.028
0.850,-4.248,0.107
0.900,-3.027,0.176
0.950,-1.534,0.230
1.000,0.097,0.267
1.050,1.722,0.274
1.100,3.195,0.256
1.150,4.375,0.217
1.200,5.153,0.156
1.250,5.448,0.083
1.300,5.242,0.002
1.350,4.545,-0.078
1.400,3.434,-0.156
1.450,2.008,-0.216
1.500,0.419,-0.254
1.550,-1.218,-0.270
1.600,-2.745,-0.261
1.650,-4.021,-0.228
1.700,-4.934,-0.174
1.750,-5.397,-0.103
1.800,-5.355,-0.024
1.850,-4.812,0.058
1.900,-3.819,0.135
1.950,-2.479,0.200
2.000,-0.912,0.247
2.050,0.734,0.272
2.100,2.319,0.271
2.150,3.693,0.244
2.200,4.729,0.196
2.250,5.324,0.131
2.300,5.430,0.053
2.350,5.025,-0.030
2.400,4.159,-0.109
2.450,2.911,-0.180
2.500,1.404,-0.232
2.550,-0.224,-0.264
2.600,-1.831,-0.271
2.650,-3.274,-0.252
2.700,-4.423,-0.210
2.750,-5.170,-0.150
2.800,-5.442,-0.076
2.850,-5.204,0.008
2.900,-4.476,0.088
2.950,-3.334,0.162
3.000,-1.890,0.220
3.050,-0.278,0.261
3.100,1.359,0.274
3.150,2.880,0.264
3.200,4.137,0.229
3.250,5.016,0.174
3.300,5.422,0.102
3.350,5.334,0.022
3.400,4.744,-0.061
3.450,3.721,-0.137
3.500,2.359,-0.204
3.550,0.781,-0.249
3.600,-0.855,-0.271
3.650,-2.414,-0.267
3.700,-3.759,-0.241
3.750,-4.764,-0.191
3.800,-5.335,-0.124
3.850,-5.410,-0.046
3.900,-4.977,0.038
3.950,-4.079,0.116
4.000,-2.808,0.187
4.050,-1.283,0.237
4.100,0.356,0.268
4.150,1.970,0.274
4.200,3.406,0.253
4.250,4.525,0.210
4.300,5.242,0.148
4.350,5.450,0.073
4.400,5.156,-0.009
4.450,4.393,-0.091
4.500,3.224,-0.165
4.550,1.765,-0.225
4.600,0.153,-0.262
4.650,-1.472,-0.275
4.700,-2.966,-0.263
4.750,-4.192,-0.226
4.800,-5.040,-0.169
4.850,-5.425,-0.097
4.900,-5.302,-0.016
4.950,-4.682,0.067
5.000,-3.627,0.144
5.050,-2.240,0.209
5.100,-0.652,0.252
5.150,0.993,0.274
5.200,2.554,0.267
5.250,3.882,0.238
5.300,4.862,0.189
5.350,5.375,0.121
5.400,5.392,0.040
5.450,4.918,-0.043
5.500,3.984,-0.121
5.550,2.686,-0.188
5.600,1.151,-0.239
5.650,-0.484,-0.272
5.700,-2.072,-0.274
5.750,-3.478,-0.251
5.800,-4.568,-0.206
5.850,-5.246,-0.145
5.900,-5.438,-0.068
5.950,-5.119,0.016
6.000,-4.320,0.098
6.050,-3.123,0.171
6.100,-1.644,0.226
6.150,-0.019,0.265
6.200,1.612,0.276
6.250,3.102,0.262
6.300,4.309,0.225
6.350,5.106,0.166
6.400,5.444,0.093
6.450,5.273,0.010
6.500,4.610,-0.072
6.550,3.524,-0.147
6.600,2.118,-0.213
6.650,0.527,-0.255
6.700,-1.106,-0.273
6.750,-2.644,-0.267
6.800,-3.942,-0.236
6.850,-4.885,-0.184
6.900,-5.380,-0.114
6.950,-5.376,-0.036
7.000,-4.863,0.049
7.050,-3.902,0.127
7.100,-2.581,0.195
7.150,-1.027,0.244
7.200,0.619,0.271
7.250,2.213,0.273
7.300,3.607,0.248
7.350,4.670,0.202
7.400,5.295,0.138
7.450,5.442,0.062
7.500,5.073,-0.023
7.550,4.233,-0.103
7.600,3.009,-0.172
7.650,1.515,-0.230
7.700,-0.108,-0.267
7.750,-1.723,-0.278
7.800,-3.180,-0.261
7.850,-4.354,-0.220
7.900,-5.132,-0.162
7.950,-5.440,-0.087
8.000,-5.236,-0.004
8.050,-4.541,0.077
8.100,-3.426,0.155
8.150,-1.999,0.217
8.200,-0.394,0.258
8.250,1.247,0.276
8.300,2.786,0.269
8.350,4.065,0.236
8.400,4.967,0.182
8.450,5.409,0.111
8.500,5.356,0.031
8.550,4.801,-0.053
8.600,3.803,-0.129
8.650,2.459,-0.199
8.700,0.898,-0.248
8.750,-0.739,-0.273
8.800,-2.308,-0.271
8.850,-3.673,-0.247
8.900,-4.705,-0.199
8.950,-5.310,-0.133
9.000,-5.422,-0.055
9.050,-5.024,0.028
9.100,-4.155,0.109
9.150,-2.907,0.180
9.200,-1.395,0.236
9.250,0.240,0.268
9.300,1.867,0.277
9.350,3.316,0.261
9.400,4.463,0.219
9.450,5.193,0.156
9.500,5.450,0.082
9.550,5.199,0.002
9.600,4.463,-0.082
9.650,3.320,-0.158
9.700,1.875,-0.221
9.750,0.268,-0.258
9.800,-1.360,-0.274
9.850,-2.868,-0.266
9.900,-4.116,-0.231
9.950,-4.994,-0.176
10.000,-5.413,-0.104
10.050,-5.328,-0.024
10.100,-4.741,0.058
10.150,-3.713,0.138
10.200,-2.345,0.205
10.250,-0.765,0.249
10.300,0.883,0.275
