5.896	2.244	1.831
5.900	2.239	1.831
@
5.944	2.225	1.824
5.945	2.225	1.824
@
5.979	30.007	1.638
5.980	30.006	1.638
@
6.009	29.998	1.643
6.010	29.996	1.643
@
6.036	2.377	1.822
6.038	2.372	1.822
@
6.085	2.223	1.812
6.085	2.415	1.812
@
6.091	25.212	1.661
6.091	25.216	1.661
@
6.100	2.384	1.810
6.101	2.221	1.810
@
6.220	20.398	1.697
6.220	20.398	1.697
@
6.226	2.233	1.804
6.226	2.417	1.804
@
6.250	30.000	1.623
6.250	30.000	1.623
@
6.299	10.824	1.722
6.299	15.594	1.722
@
6.337	10.823	1.718
6.339	15.595	1.718
@
6.347	15.594	1.718
6.348	10.825	1.718
6.348	15.593	1.718
@
6.433	30.001	1.597
6.433	30.001	1.597
@
6.436	2.220	1.795
6.436	2.221	1.795
@
6.439	20.394	1.683
6.441	20.401	1.683
@
6.482	30.000	1.592
6.482	30.001	1.592
6.482	30.001	1.592
6.482	30.003	1.592
@
6.531	35.043	1.595
6.531	35.045	1.595
@
6.641	15.651	1.749
6.641	15.652	1.749
@
6.798	20.401	1.663
6.799	20.394	1.663
@
6.843	25.177	1.611
6.843	25.222	1.611
@
6.897	15.651	1.733
6.897	15.652	1.733
@
6.914	25.177	1.608
6.916	25.223	1.608
@
7.043	20.394	1.651
7.043	20.398	1.651
@
7.129	10.812	1.621
7.129	10.813	1.621
@
7.130	35.008	1.574
7.132	35.005	1.574
@
7.178	15.654	1.726
7.178	15.657	1.726
@
7.353	15.653	1.719
7.353	15.654	1.719
@
7.409	29.985	1.585
7.410	10.808	1.585
@
7.418	25.176	1.584
7.419	10.808	1.584
@
7.449	15.656	1.712
7.450	11.272	1.712
@
7.559	15.654	1.708
7.560	15.655	1.708
@
7.580	25.173	1.573
7.581	10.807	1.573
@
7.678	15.583	1.623
7.678	20.392	1.623
@
7.714	34.965	1.554
7.715	10.803	1.554
@
7.751	30.010	1.468
7.752	30.010	1.468
@
7.767	25.228	1.542
7.768	10.804	1.542
@
7.800	15.582	1.614
7.800	15.585	1.614
@
7.849	30.011	1.459
7.849	30.012	1.459
7.849	30.014	1.459
@
7.928	11.278	1.685
7.928	11.279	1.685
@
7.971	30.013	1.449
7.971	30.013	1.449
@
8.081	20.393	1.584
8.081	20.395	1.584
@
8.081	30.011	1.439
8.081	30.012	1.439
@
8.081	30.012	1.440
8.081	30.013	1.440
8.081	30.013	1.440
8.081	30.014	1.440
8.082	30.012	1.440
@
8.154	20.392	1.586
8.155	20.393	1.586
@
8.179	30.014	1.430
8.179	30.015	1.430
@
8.195	15.661	1.658
8.195	15.662	1.658
@
8.215	15.661	1.656
8.215	15.663	1.656
@
8.244	25.175	1.526
8.244	25.176	1.526
@
8.246	25.173	1.526
8.246	25.175	1.526
@
8.250	25.175	1.526
8.250	34.929	1.526
@
8.274	30.011	1.424
8.274	30.013	1.424
8.274	30.015	1.424
@
8.292	30.014	1.422
8.293	30.014	1.422
@
8.311	30.014	1.420
8.312	30.013	1.420
8.312	30.015	1.420
@
8.328	30.013	1.417
8.328	30.016	1.417
@
8.362	30.014	1.414
8.362	30.014	1.414
@
8.472	30.014	1.401
8.472	30.014	1.401
@
8.496	20.394	1.540
8.496	29.976	1.540
@
8.545	29.972	1.537
8.545	29.973	1.537
@
8.602	30.014	1.391
8.604	30.015	1.391
@
8.606	30.015	1.391
8.606	30.017	1.391
@
8.620	11.286	1.653
8.620	11.287	1.653
@
8.777	20.392	1.559
8.777	20.393	1.559
@
8.777	30.017	1.362
8.778	30.018	1.362
@
8.813	30.016	1.358
8.813	30.017	1.358
8.813	30.018	1.358
8.814	30.016	1.358
@
8.830	30.015	1.355
8.832	30.015	1.355
@
8.838	30.017	1.354
8.838	30.018	1.354
@
8.850	30.016	1.353
8.850	30.016	1.353
@
8.854	30.016	1.351
8.854	30.017	1.351
@
8.864	20.393	1.554
8.865	20.392	1.554
@
8.894	30.017	1.345
8.894	30.018	1.345
@
8.932	11.288	1.633
8.932	11.289	1.633
@
8.960	25.168	1.457
8.960	25.170	1.457
@
8.978	30.017	1.329
8.979	30.019	1.329
@
9.010	25.244	1.456
9.011	25.243	1.456
@
9.107	2.440	1.509
9.107	2.441	1.509
@
9.143	20.391	1.492
9.143	20.396	1.492
@
9.161	29.969	1.505
9.161	29.970	1.505
9.163	29.968	1.505
@
9.277	15.570	1.481
9.277	15.570	1.481
9.277	15.573	1.481
@
9.277	15.664	1.591
9.277	15.666	1.591
@
9.296	2.444	1.498
9.298	2.473	1.498
@
9.302	30.021	1.288
9.302	30.022	1.288
@
9.323	11.292	1.622
9.324	11.292	1.622
@
9.436	2.198	1.602
9.437	2.230	1.602
@
9.490	11.293	1.616
9.491	11.296	1.616
@
9.546	29.967	1.496
9.546	29.967	1.496
9.546	29.967	1.496
@
9.546	29.968	1.497
9.546	29.969	1.497
@
9.547	30.023	1.252
9.548	30.025	1.252
9.551	30.024	1.252
@
9.558	30.024	1.251
9.558	30.024	1.251
@
9.646	25.245	1.421
9.646	25.245	1.421
@
9.664	15.666	1.563
9.664	15.667	1.563
@
9.684	30.026	1.231
9.685	30.025	1.231
@
9.705	25.166	1.430
9.705	25.166	1.430
9.705	25.166	1.430
@
9.706	25.164	1.428
9.706	25.166	1.428
9.706	25.167	1.428
@
9.719	29.966	1.488
9.720	29.965	1.488
@
9.722	29.966	1.485
9.722	29.966	1.485
9.722	29.967	1.485
@
9.726	15.666	1.561
9.729	15.667	1.561
@
9.750	34.890	1.471
9.752	34.890	1.471
@
9.753	15.664	1.560
9.753	15.668	1.560
@
9.779	34.889	1.466
9.779	34.890	1.466
@
9.781	20.391	1.450
9.781	20.395	1.450
@
9.785	15.669	1.557
9.785	15.670	1.557
@
9.811	29.967	1.476
9.811	29.969	1.476
@
9.912	30.030	1.185
9.915	30.027	1.185
@
10.007	15.568	1.415
10.008	15.567	1.415
@
10.027	20.390	1.492
10.029	20.390	1.492
@
10.062	30.028	1.165
10.062	30.028	1.165
@
10.144	29.963	1.469
10.144	29.966	1.469
@
10.171	30.032	1.153
10.172	30.031	1.153
@
10.174	30.032	1.151
10.174	30.032	1.151
@
10.242	20.390	1.405
10.242	2.501	1.405
@
10.289	25.159	1.386
10.289	25.160	1.386
@
10.292	25.162	1.387
10.292	25.162	1.387
@
10.297	25.161	1.390
10.299	25.161	1.390
10.299	25.163	1.390
@
10.319	34.877	1.425
10.320	34.876	1.425
@
10.375	15.565	1.381
10.376	15.565	1.381
@
10.383	15.563	1.378
10.383	25.159	1.378
@
10.417	2.465	1.385
10.417	25.250	1.385
@
10.468	25.250	1.383
10.470	25.251	1.383
@
10.487	10.766	1.207
10.487	10.766	1.207
10.487	10.766	1.207
@
10.505	20.385	1.466
10.505	20.390	1.466
@
10.569	20.391	1.460
10.569	29.965	1.460
@
10.601	20.387	1.459
10.601	29.965	1.459
@
10.645	11.303	1.575
10.645	11.303	1.575
@
10.645	30.034	1.083
10.645	30.037	1.083
@
10.669	29.963	1.455
10.669	29.965	1.455
@
10.669	29.965	1.456
10.669	29.967	1.456
@
10.680	30.036	1.078
10.680	30.040	1.078
@
10.683	2.481	1.354
10.683	2.494	1.354
@
10.725	20.387	1.441
10.725	20.388	1.441
@
10.742	15.674	1.473
10.742	15.674	1.473
@
10.743	15.671	1.472
10.743	15.673	1.472
@
10.803	30.040	1.049
10.803	30.040	1.049
10.804	30.041	1.049
@
10.815	10.761	1.161
10.815	10.761	1.161
@
10.919	30.041	1.031
10.919	30.041	1.031
@
11.125	15.561	1.324
11.125	15.562	1.324
@
11.139	29.962	1.425
11.139	29.963	1.425
@
11.198	25.154	1.337
11.199	25.152	1.337
@
11.214	20.385	1.402
11.214	20.387	1.402
@
11.246	30.043	0.974
11.246	30.046	0.974
@
11.255	30.045	0.973
11.255	30.049	0.973
@
11.442	15.560	1.302
11.443	20.390	1.302
@
11.516	15.559	1.295
11.516	20.388	1.295
@
11.518	20.390	1.295
11.518	20.392	1.295
11.519	15.558	1.295
@
11.545	25.155	1.329
11.545	25.254	1.329
@
11.547	20.383	1.383
11.547	20.388	1.383
@
11.583	15.676	1.417
11.583	15.679	1.417
@
11.600	30.050	0.915
11.601	30.050	0.915
@
11.603	15.677	1.411
11.605	15.675	1.411
@
11.653	15.677	1.404
11.653	15.678	1.404
@
11.731	10.747	1.026
11.731	10.747	1.026
@
11.810	10.745	1.017
11.811	10.744	1.017
@
11.834	29.962	1.395
11.835	15.681	1.395
@
11.963	10.739	0.988
11.963	10.740	0.988
@
11.983	29.968	1.390
11.985	29.969	1.390
@
12.040	20.381	1.342
12.041	20.383	1.342
@
12.086	30.053	0.847
12.086	30.055	0.847
@
12.182	15.680	1.367
12.182	15.683	1.367
@
12.183	15.680	1.366
12.183	15.680	1.366
@
12.195	20.388	1.221
12.195	20.391	1.221
@
12.195	30.054	0.835
12.195	30.055	0.835
@
12.196	20.388	1.221
12.196	20.394	1.221
@
12.262	15.683	1.359
12.263	15.682	1.359
@
12.264	15.682	1.360
12.264	15.682	1.360
@
12.264	15.684	1.359
12.265	15.683	1.359
12.265	15.685	1.359
@
12.346	30.057	0.808
12.347	30.057	0.808
@
12.427	20.381	1.314
12.427	20.382	1.314
@
12.439	30.058	0.803
12.439	30.058	0.803
@
12.463	30.056	0.803
12.463	30.057	0.803
@
12.510	2.505	1.169
12.511	2.543	1.169
@
12.514	25.150	1.275
12.514	25.260	1.275
@
12.561	11.315	1.493
12.561	11.316	1.493
@
12.561	29.993	1.368
12.561	29.996	1.368
@
12.574	20.385	1.305
12.575	20.381	1.305
@
12.618	10.725	0.887
12.618	10.729	0.887
@
12.622	34.846	1.226
12.622	34.847	1.226
@
12.638	2.528	1.149
12.638	2.547	1.149
@
12.654	20.381	1.302
12.654	20.384	1.302
@
12.721	2.507	1.144
12.721	35.085	1.144
@
12.927	15.684	1.307
12.927	15.688	1.307
@
12.939	25.146	1.245
12.939	25.262	1.245
@
12.964	20.382	1.288
12.964	20.383	1.288
@
13.000	25.149	1.242
13.001	25.260	1.242
@
13.032	30.061	0.741
13.032	30.062	0.741
13.032	30.062	0.741
@
13.037	30.002	1.357
13.037	30.002	1.357
@
13.041	20.380	1.286
13.041	20.383	1.286
@
13.049	20.389	1.149
13.049	20.392	1.149
@
13.074	10.715	0.826
13.074	10.715	0.826
@
13.086	25.262	1.232
13.086	25.262	1.232
@
13.098	20.383	1.281
13.098	20.383	1.281
@
13.211	15.687	1.281
13.211	15.687	1.281
13.211	15.689	1.281
@
13.220	15.688	1.278
13.220	15.691	1.278
@
13.256	20.388	1.118
13.256	20.390	1.118
@
13.346	10.710	0.793
13.346	10.714	0.793
@
13.440	15.546	1.194
13.440	15.549	1.194
@
13.448	10.711	0.792
13.449	10.711	0.792
@
13.464	10.711	0.788
13.464	10.711	0.788
@
13.464	15.547	1.193
13.464	15.549	1.193
@
13.476	34.837	1.160
13.476	34.837	1.160
@
13.477	30.004	1.343
13.478	30.001	1.343
@
13.496	2.177	1.300
13.496	2.198	1.300
@
13.513	10.707	0.780
13.513	10.709	0.780
@
13.675	10.705	0.770
13.676	10.706	0.770
@
13.779	29.999	1.331
13.780	29.995	1.331
@
13.782	35.099	1.068
13.782	35.102	1.068
@
13.818	20.384	1.259
13.818	20.386	1.259
@
13.818	20.391	1.065
13.818	20.393	1.065
@
13.843	25.263	1.197
13.843	25.263	1.197
@
13.868	11.326	1.421
13.869	11.323	1.421
@
13.892	20.380	1.254
13.892	20.381	1.254
@
13.919	10.701	0.752
13.919	10.703	0.752
@
13.989	25.264	1.187
13.989	25.265	1.187
@
14.007	20.383	1.246
14.008	20.382	1.246
@
14.038	11.326	1.415
14.038	11.328	1.415
@
14.051	11.325	1.414
14.051	11.328	1.414
@
14.077	20.397	1.022
14.078	20.396	1.022
@
14.281	10.696	0.726
14.281	10.696	0.726
@
14.286	20.382	1.232
14.289	20.385	1.232
@
14.365	10.689	0.718
14.365	10.690	0.718
@
14.421	20.383	1.225
14.421	20.384	1.225
@
14.428	20.382	1.227
14.428	20.383	1.227
@
14.429	20.382	1.227
14.429	20.383	1.227
@
14.469	29.982	1.314
14.469	29.983	1.314
@
14.470	15.696	1.145
14.470	15.696	1.145
@
14.540	20.388	0.991
14.540	20.391	0.991
@
14.564	29.980	1.311
14.565	29.979	1.311
@
14.624	20.387	0.982
14.624	20.388	0.982
@
14.644	20.386	0.978
14.644	20.386	0.978
@
14.648	20.386	0.978
14.648	20.388	0.978
@
14.753	10.680	0.675
14.753	10.681	0.675
14.753	10.682	0.675
@
14.771	20.383	1.211
14.771	20.383	1.211
@
14.771	25.265	1.143
14.771	25.266	1.143
@
14.783	20.382	1.210
14.786	20.383	1.210
@
14.795	20.386	0.967
14.796	20.387	0.967
@
14.842	10.680	0.670
14.844	10.680	0.670
@
14.856	20.384	0.954
14.856	20.384	0.954
@
14.893	20.383	0.946
14.893	20.386	0.946
@
14.895	34.833	1.065
14.895	34.836	1.065
@
14.902	15.697	1.100
14.902	15.700	1.100
@
14.969	34.834	1.060
14.969	34.835	1.060
@
15.002	20.380	0.938
15.002	20.381	0.938
@
15.050	2.506	0.931
15.051	20.380	0.931
@
15.071	2.530	0.928
15.072	20.380	0.928
@
15.144	2.528	0.923
15.146	2.495	0.923
@
15.167	35.138	0.965
15.170	35.138	0.965
@
15.222	20.378	0.911
15.222	20.378	0.911
@
15.236	2.188	1.184
15.237	20.386	1.184
@
15.253	15.531	1.088
15.253	15.532	1.088
@
15.273	20.377	0.905
15.273	20.379	0.905
@
15.294	20.386	1.180
15.295	20.387	1.180
@
15.307	20.377	0.900
15.307	20.378	0.900
@
15.320	30.087	0.531
15.320	30.088	0.531
@
15.331	20.374	0.898
15.332	20.376	0.898
@
15.336	20.374	0.897
15.336	20.376	0.897
15.336	20.377	0.897
@
15.339	2.185	1.176
15.340	20.387	1.176
@
15.371	20.373	0.894
15.371	20.374	0.894
@
15.378	30.085	0.539
15.379	30.086	0.539
15.379	30.087	0.539
@
15.381	29.966	1.290
15.381	29.967	1.290
@
15.475	34.830	1.022
15.475	34.831	1.022
@
15.551	2.482	0.892
15.551	2.512	0.892
@
15.574	29.963	1.285
15.576	29.961	1.285
@
15.710	30.085	0.563
15.710	30.086	0.563
@
15.718	30.085	0.563
15.718	30.086	0.563
@
15.781	30.087	0.569
15.781	30.088	0.569
@
15.862	11.337	1.335
15.862	11.343	1.335
@
15.894	15.518	1.046
15.894	15.519	1.046
@
15.896	15.518	1.046
15.896	15.521	1.046
@
15.944	15.517	1.046
15.944	15.522	1.046
@
15.968	15.520	1.046
15.969	15.519	1.046
@
15.970	15.519	1.046
15.970	15.520	1.046
@
15.973	25.136	0.949
15.973	25.137	0.949
@
15.973	25.271	1.043
15.974	15.519	1.043
@
16.082	15.519	1.035
16.083	15.514	1.035
@
16.143	30.084	0.597
16.144	30.085	0.597
@
16.151	30.085	0.596
16.152	30.084	0.596
@
16.182	30.085	0.605
16.183	30.082	0.605
@
16.199	29.959	1.255
16.199	29.961	1.255
@
16.225	20.371	0.789
16.226	20.371	0.789
@
16.273	15.510	1.015
16.273	15.512	1.015
@
16.285	30.083	0.619
16.285	30.085	0.619
@
16.287	25.140	0.916
16.288	25.140	0.916
@
16.300	15.510	1.011
16.301	15.509	1.011
@
16.303	15.510	1.011
16.306	15.510	1.011
@
16.308	11.345	1.305
16.308	11.345	1.305
@
16.345	30.080	0.631
16.345	30.083	0.631
16.345	30.083	0.631
@
16.364	35.160	0.894
16.364	35.161	0.894
@
16.603	2.230	1.088
16.603	2.250	1.088
@
16.736	30.088	0.674
16.736	30.088	0.674
@
16.736	35.172	0.864
16.737	25.137	0.864
@
16.742	30.085	0.676
16.742	30.087	0.676
@
16.748	30.086	0.676
16.748	30.088	0.676
16.748	30.088	0.676
@
16.762	10.620	0.660
16.763	10.617	0.660
@
16.826	15.495	0.963
16.826	15.496	0.963
@
16.901	15.494	0.961
16.902	15.493	0.961
@
16.931	20.367	0.707
16.931	20.368	0.707
@
16.932	30.094	0.691
16.933	30.093	0.691
16.933	30.096	0.691
@
16.954	10.618	0.678
16.955	10.616	0.678
@
17.017	35.176	0.840
17.017	35.176	0.840
17.017	35.177	0.840
@
17.102	29.941	1.212
17.102	29.942	1.212
@
17.163	15.484	0.925
17.163	15.484	0.925
@
17.170	25.136	0.814
17.171	25.139	0.814
@
17.221	30.106	0.707
17.221	30.107	0.707
@
17.226	2.459	0.709
17.228	30.105	0.709
@
17.271	30.107	0.713
17.271	30.109	0.713
@
17.273	2.464	0.705
17.273	2.465	0.705
17.273	2.465	0.705
@
17.274	30.108	0.713
17.276	30.109	0.713
@
17.296	30.112	0.714
17.297	30.112	0.714
@
17.328	25.296	0.883
17.328	25.296	0.883
@
17.348	15.634	0.871
17.348	25.297	0.871
@
17.361	30.114	0.718
17.361	30.114	0.718
@
17.395	30.117	0.719
17.395	30.117	0.719
@
17.480	35.186	0.821
17.480	35.188	0.821
@
17.554	30.122	0.727
17.554	30.125	0.727
@
17.576	15.476	0.897
17.577	15.477	0.897
@
17.600	25.134	0.761
17.601	25.136	0.761
@
17.667	30.127	0.733
17.667	30.132	0.733
17.669	30.133	0.733
@
17.737	29.925	1.142
17.737	29.926	1.142
@
17.754	10.616	0.727
17.754	10.618	0.727
@
17.754	11.353	1.238
17.754	11.354	1.238
@
17.761	15.470	0.881
17.761	15.473	0.881
@
17.763	20.366	0.633
17.763	20.366	0.633
@
17.814	10.616	0.740
17.814	25.137	0.740
@
17.858	10.616	0.743
17.859	10.615	0.743
@
17.879	30.141	0.739
17.880	30.142	0.739
@
17.940	29.916	1.117
17.940	29.921	1.117
@
17.957	30.145	0.742
17.958	30.144	0.742
@
17.971	29.919	1.115
17.971	29.920	1.115
@
18.074	25.310	0.815
18.075	25.312	0.815
@
18.084	25.311	0.815
18.084	25.312	0.815
@
18.164	15.463	0.849
18.164	15.463	0.849
@
18.237	15.461	0.845
18.237	15.464	0.845
@
18.237	29.913	1.088
18.237	29.913	1.088
@
18.255	10.610	0.785
18.255	10.611	0.785
@
18.335	2.472	0.600
18.335	2.502	0.600
@
18.396	10.611	0.798
18.396	10.612	0.798
@
18.446	30.169	0.772
18.447	30.168	0.772
@
18.481	2.271	0.952
18.481	2.275	0.952
@
18.481	25.134	0.680
18.481	25.134	0.680
@
18.485	30.171	0.776
18.486	30.173	0.776
@
18.624	30.181	0.786
18.624	30.183	0.786
18.626	30.182	0.786
@
18.631	2.470	0.572
18.632	2.477	0.572
@
18.640	29.899	1.047
18.640	29.899	1.047
@
18.642	15.452	0.809
18.643	15.451	0.809
@
18.709	30.189	0.793
18.709	30.190	0.793
@
18.727	15.445	0.799
18.727	15.447	0.799
@
18.840	2.476	0.554
18.840	2.493	0.554
@
18.852	25.135	0.651
18.852	25.135	0.651
@
18.933	30.209	0.805
18.934	30.205	0.805
@
18.959	25.323	0.738
18.959	25.324	0.738
@
18.982	30.212	0.808
18.982	30.212	0.808
@
19.022	20.364	0.598
19.022	20.365	0.598
@
19.031	15.647	0.750
19.031	15.647	0.750
@
19.049	20.365	0.600
19.049	20.367	0.600
@
19.067	10.607	0.874
19.067	10.609	0.874
@
19.067	15.649	0.745
19.067	15.651	0.745
@
19.067	2.473	0.565
19.067	2.475	0.565
@
19.106	10.607	0.879
19.108	10.605	0.879
@
19.108	25.327	0.724
19.109	25.328	0.724
@
19.118	10.606	0.880
19.118	10.606	0.880
@
19.166	10.605	0.889
19.166	10.605	0.889
@
19.171	15.436	0.749
19.171	15.436	0.749
@
19.239	2.478	0.574
19.240	2.472	0.574
@
19.251	2.482	0.576
19.251	2.485	0.576
@
19.265	10.597	0.911
19.268	10.596	0.911
@
19.297	10.597	0.911
19.298	10.596	0.911
19.299	10.597	0.911
@
19.586	20.365	0.693
19.586	25.333	0.693
@
19.601	34.828	0.714
19.601	34.831	0.714
@
19.617	20.366	0.697
19.617	20.367	0.697
19.617	20.367	0.697
19.617	20.368	0.697
@
19.633	25.135	0.587
19.633	25.135	0.587
@
19.662	35.223	0.618
19.663	35.223	0.618
@
19.678	10.581	0.965
19.678	10.583	0.965
@
19.689	2.478	0.611
19.689	2.516	0.611
@
19.714	10.579	0.968
19.714	10.579	0.968
@
19.780	2.394	0.853
19.780	30.260	0.853
@
19.895	15.424	0.697
19.896	15.424	0.697
@
19.923	11.372	1.121
19.925	11.370	1.121
@
20.002	20.366	0.740
20.005	20.366	0.740
@
20.046	10.573	1.003
20.047	10.575	1.003
@
20.075	2.386	0.842
20.075	2.419	0.842
@
20.105	15.656	0.670
20.105	15.658	0.670
@
20.105	30.279	0.877
20.105	30.280	0.877
20.105	30.281	0.877
@
20.107	30.279	0.877
20.107	30.282	0.877
@
20.182	35.223	0.567
20.184	35.226	0.567
@
20.321	15.419	0.657
20.322	15.417	0.657
@
20.414	20.365	0.803
20.414	20.366	0.803
@
20.505	20.367	0.822
20.505	2.427	0.822
@
20.564	25.134	0.537
20.564	25.135	0.537
@
20.568	10.566	1.041
20.568	10.567	1.041
@
20.568	20.367	0.821
20.568	20.367	0.821
@
20.639	30.298	0.900
20.640	30.300	0.900
@
20.685	30.300	0.903
20.685	30.301	0.903
@
20.712	20.367	0.835
20.712	20.369	0.835
@
20.738	15.410	0.608
20.738	15.410	0.608
@
20.740	30.310	0.909
20.741	30.308	0.909
@
20.778	35.268	0.553
20.778	35.269	0.553
@
20.850	30.318	0.917
20.850	30.319	0.917
@
20.998	10.560	1.076
21.000	10.561	1.076
@
21.027	15.394	0.571
21.027	15.395	0.571
@
21.034	20.364	0.874
21.036	20.366	0.874
@
21.049	15.392	0.577
21.050	15.392	0.577
21.052	15.392	0.577
@
21.100	2.522	0.727
21.101	2.533	0.727
@
21.188	2.546	0.738
21.191	2.530	0.738
21.194	2.531	0.738
