11.203	20.385	1.404
11.203	29.962	1.420
11.204	10.755	1.112
11.204	15.674	1.443
11.204	30.046	0.979
11.204	35.066	1.255
11.205	2.478	1.306
11.206	15.560	1.316
11.206	15.671	1.444
11.206	20.386	1.403
11.206	25.151	1.336
11.206	29.963	1.419
11.206	29.963	1.420
11.206	30.048	0.979
11.207	11.308	1.552
11.208	10.755	1.109
11.208	25.251	1.349
11.209	34.869	1.350
11.210	2.167	1.464
11.210	29.962	1.418
11.212	10.754	1.108
11.212	20.390	1.308
11.214	15.675	1.443
11.214	20.385	1.402
11.214	20.387	1.402
11.214	2.478	1.305
11.218	15.563	1.315
11.218	2.165	1.464
11.218	25.155	1.336
11.218	30.048	0.978
