8.000	11.279	1.681
8.000	25.175	1.539
8.002	20.395	1.591
8.002	25.234	1.524
8.003	35.040	1.490
8.004	2.217	1.697
8.005	15.659	1.674
8.006	10.799	1.501
8.006	30.012	1.448
8.007	15.581	1.589
8.008	10.800	1.501
8.008	11.277	1.681
8.008	15.659	1.673
8.008	20.394	1.593
8.008	25.177	1.538
8.008	29.981	1.564
8.008	30.013	1.447
8.008	34.941	1.535
8.009	15.660	1.672
8.009	25.235	1.524
8.010	2.224	1.697
8.011	20.395	1.592
8.012	34.938	1.534
8.012	35.043	1.488
8.013	20.392	1.593
8.013	2.426	1.614
8.014	10.802	1.499
8.014	15.581	1.589
8.014	20.397	1.592
8.014	25.235	1.523
8.014	29.981	1.564
8.015	11.279	1.680
8.015	35.042	1.487
8.016	20.393	1.592
8.016	25.175	1.538
8.016	29.979	1.564
8.016	30.014	1.446
8.016	34.939	1.533
8.018	29.980	1.564
8.018	30.012	1.447
8.019	20.393	1.591
8.019	30.013	1.446
