15.770	15.525	1.059
15.771	10.648	0.567
15.771	29.962	1.274
15.771	30.084	0.568
15.772	15.678	1.001
15.772	2.201	1.149
15.774	10.643	0.570
15.774	11.342	1.339
15.774	20.374	0.835
15.774	2.454	0.871
15.775	15.525	1.059
15.775	25.140	0.968
15.776	10.647	0.569
15.776	35.149	0.936
15.777	10.648	0.568
15.777	34.833	1.003
15.778	10.648	0.571
15.778	2.217	1.148
15.778	2.474	0.870
15.781	25.139	0.965
15.781	30.085	0.568
15.781	30.087	0.569
15.781	30.088	0.569
15.782	10.644	0.572
15.782	20.383	1.159
15.783	10.645	0.572
15.783	15.522	1.058
15.783	15.678	1.001
15.783	15.680	1.000
15.783	20.373	0.834
15.783	30.085	0.570
15.784	15.521	1.056
15.784	15.524	1.058
15.784	15.678	1.000
15.784	20.374	0.833
15.784	2.204	1.149
15.784	2.233	1.148
15.784	2.475	0.869
15.784	25.141	0.967
15.784	30.085	0.568
15.784	30.085	0.569
15.784	30.085	0.570
15.784	30.087	0.569
15.784	35.150	0.935
15.786	29.963	1.273
15.787	11.340	1.339
15.787	15.678	0.999
15.787	20.373	0.832
15.787	2.202	1.148
15.787	25.137	0.964
15.789	15.526	1.057
15.789	20.385	1.159
15.789	30.083	0.571
