18.250	10.611	0.785
18.250	15.639	0.804
18.250	20.365	0.583
18.250	20.372	1.051
18.250	2.254	0.962
18.250	25.312	0.801
18.250	29.910	1.085
18.250	29.911	1.083
18.250	30.158	0.764
18.251	10.612	0.784
18.251	2.502	0.608
18.252	11.360	1.219
18.252	25.136	0.700
18.252	29.911	1.085
18.253	2.472	0.609
18.253	34.832	0.835
18.254	15.639	0.804
18.255	10.610	0.785
18.255	10.611	0.785
18.257	10.612	0.784
18.257	30.159	0.765
18.257	35.200	0.770
18.259	2.504	0.607
18.259	29.911	1.083
18.260	20.366	0.581
18.260	25.313	0.800
18.261	25.136	0.700
18.262	15.638	0.804
18.262	2.254	0.962
18.264	20.372	1.051
18.266	2.501	0.606
18.266	34.831	0.835
18.267	25.313	0.799
18.268	29.907	1.082
18.268	30.157	0.766
18.269	15.460	0.843
18.269	25.136	0.700
