0.511	35.247	20.580
0.512	35.246	20.580
@
0.531	30.087	15.320
0.531	30.088	15.320
@
0.537	25.134	20.564
0.537	25.135	20.564
@
0.539	30.086	15.379
0.539	30.087	15.379
@
0.553	35.268	20.778
0.553	35.269	20.778
@
0.554	2.476	18.840
0.554	2.493	18.840
@
0.565	2.473	19.067
0.565	2.475	19.067
@
0.571	15.394	21.027
0.571	15.395	21.027
@
0.576	2.482	19.251
0.576	2.485	19.251
@
0.587	25.135	19.633
0.587	25.135	19.633
@
0.598	20.364	19.022
0.598	20.365	19.022
@
0.608	15.410	20.738
0.608	15.410	20.738
@
0.614	15.666	20.703
0.614	15.669	20.703
@
0.619	30.083	16.285
0.619	30.085	16.285
@
0.631	30.080	16.345
0.631	30.083	16.345
0.631	30.083	16.345
@
0.633	20.366	17.763
0.633	20.366	17.763
@
0.651	25.135	18.852
0.651	25.135	18.852
@
0.669	30.085	16.675
0.669	30.086	16.675
@
0.674	30.088	16.736
0.674	30.088	16.736
@
0.675	10.680	14.753
0.675	10.681	14.753
@
0.676	30.088	16.748
0.676	30.088	16.748
@
0.680	25.134	18.481
0.680	25.134	18.481
@
0.697	20.367	19.617
0.697	20.367	19.617
0.697	20.368	19.617
@
0.705	2.464	17.273
0.705	2.465	17.273
0.705	2.465	17.273
@
0.707	20.367	16.931
0.707	20.368	16.931
@
0.718	10.689	14.365
0.718	10.690	14.365
@
0.718	30.114	17.361
0.718	30.114	17.361
@
0.719	30.117	17.395
0.719	30.117	17.395
@
0.726	10.696	14.281
0.726	10.696	14.281
@
0.727	10.616	17.754
0.727	10.618	17.754
@
0.727	30.122	17.554
0.727	30.125	17.554
@
0.738	25.323	18.959
0.738	25.324	18.959
@
0.741	30.061	13.032
0.741	30.062	13.032
0.741	30.062	13.032
@
0.749	15.436	19.171
0.749	15.436	19.171
@
0.750	15.647	19.031
0.750	15.647	19.031
@
0.752	10.701	13.919
0.752	10.703	13.919
@
0.762	20.368	16.370
0.762	20.372	16.370
@
0.780	10.707	13.513
0.780	10.709	13.513
@
0.788	10.711	13.464
0.788	10.711	13.464
@
0.793	30.189	18.709
0.793	30.190	18.709
@
0.798	10.611	18.396
0.798	10.612	18.396
@
0.799	15.445	18.727
0.799	15.447	18.727
@
0.803	20.365	20.414
0.803	20.366	20.414
@
0.803	30.058	12.439
0.803	30.058	12.439
@
0.808	30.212	18.982
0.808	30.212	18.982
@
0.821	20.367	20.568
0.821	20.367	20.568
@
0.821	35.186	17.480
0.821	35.188	17.480
@
0.826	10.715	13.074
0.826	10.715	13.074
@
0.828	10.716	13.074
0.828	10.717	13.074
@
0.840	35.176	17.017
0.840	35.176	17.017
0.840	35.177	17.017
@
0.847	30.053	12.086
0.847	30.055	12.086
@
0.849	15.463	18.164
0.849	15.463	18.164
@
0.880	10.606	19.118
0.880	10.606	19.118
@
0.883	25.296	17.328
0.883	25.296	17.328
@
0.889	10.605	19.166
0.889	10.605	19.166
@
0.891	30.051	11.719
0.891	30.054	11.719
@
0.892	2.482	15.551
0.892	2.512	15.551
@
0.894	20.373	15.371
0.894	20.374	15.371
@
0.894	35.160	16.364
0.894	35.161	16.364
@
0.897	20.374	15.336
0.897	20.376	15.336
0.897	20.377	15.336
@
0.900	20.377	15.307
0.900	20.378	15.307
@
0.903	30.300	20.685
0.903	30.301	20.685
@
0.911	20.378	15.222
0.911	20.378	15.222
@
0.917	30.318	20.850
0.917	30.319	20.850
@
0.925	15.484	17.163
0.925	15.484	17.163
@
0.938	20.380	15.002
0.938	20.381	15.002
@
0.945	10.584	19.617
0.945	10.588	19.617
@
0.949	25.136	15.973
0.949	25.137	15.973
@
0.952	20.384	14.856
0.952	20.385	14.856
@
0.954	20.384	14.856
0.954	20.384	14.856
@
0.963	15.495	16.826
0.963	15.496	16.826
@
0.965	10.581	19.678
0.965	10.583	19.678
@
0.968	10.579	19.714
0.968	10.579	19.714
@
0.973	30.045	11.255
0.973	30.049	11.255
@
0.974	30.043	11.246
0.974	30.046	11.246
@
0.978	20.386	14.644
0.978	20.386	14.644
@
0.980	20.386	14.636
0.980	20.388	14.636
@
0.988	10.739	11.963
0.988	10.740	11.963
@
1.007	10.572	20.081
1.007	10.573	20.081
@
1.010	25.274	16.272
1.010	25.275	16.272
@
1.022	34.830	15.475
1.022	34.831	15.475
@
1.026	10.747	11.731
1.026	10.747	11.731
@
1.031	30.041	10.919
1.031	30.041	10.919
@
1.041	10.566	20.568
1.041	10.567	20.568
@
1.047	29.899	18.640
1.047	29.899	18.640
@
1.049	30.040	10.803
1.049	30.040	10.803
@
1.060	34.834	14.969
1.060	34.835	14.969
@
1.065	20.391	13.818
1.065	20.393	13.818
@
1.065	34.833	14.895
1.065	34.836	14.895
@
1.078	30.036	10.680
1.078	30.040	10.680
@
1.083	30.034	10.645
1.083	30.037	10.645
@
1.088	15.531	15.253
1.088	15.532	15.253
@
1.088	2.230	16.603
1.088	2.250	16.603
@
1.088	29.913	18.237
1.088	29.913	18.237
@
1.117	29.916	17.940
1.117	29.921	17.940
@
1.142	29.925	17.737
1.142	29.926	17.737
@
1.143	25.265	14.771
1.143	25.266	14.771
@
1.145	15.696	14.470
1.145	15.696	14.470
@
1.149	2.528	12.638
1.149	2.547	12.638
@
1.151	30.032	10.174
1.151	30.032	10.174
@
1.160	34.837	13.476
1.160	34.837	13.476
@
1.161	10.761	10.815
1.161	10.761	10.815
@
1.165	30.028	10.062
1.165	30.028	10.062
@
1.187	25.264	13.989
1.187	25.265	13.989
@
1.193	15.547	13.464
1.193	15.549	13.464
@
1.197	25.263	13.843
1.197	25.263	13.843
@
1.207	10.766	10.487
1.207	10.766	10.487
1.207	10.766	10.487
@
1.211	20.383	14.771
1.211	20.383	14.771
@
1.212	29.941	17.102
1.212	29.942	17.102
@
1.225	20.383	14.421
1.225	20.384	14.421
@
1.226	34.846	12.622
1.226	34.847	12.622
@
1.232	25.262	13.086
1.232	25.262	13.086
@
1.238	11.353	17.754
1.238	11.354	17.754
@
1.246	20.381	14.007
1.246	20.382	14.007
@
1.247	20.380	14.007
1.247	20.381	14.007
@
1.251	30.024	9.558
1.251	30.024	9.558
@
1.278	15.688	13.220
1.278	15.691	13.220
@
1.281	15.687	13.211
1.281	15.687	13.211
@
1.281	20.383	13.098
1.281	20.383	13.098
@
1.288	30.021	9.302
1.288	30.022	9.302
@
1.295	20.390	11.518
1.295	20.392	11.518
@
1.305	11.345	16.308
1.305	11.345	16.308
@
1.314	20.381	12.427
1.314	20.382	12.427
@
1.329	25.155	11.545
1.329	25.254	11.545
@
1.335	11.337	15.862
1.335	11.343	15.862
@
1.345	30.017	8.894
1.345	30.018	8.894
@
1.351	30.016	8.854
1.351	30.017	8.854
@
1.353	30.016	8.850
1.353	30.016	8.850
@
1.354	2.481	10.683
1.354	2.494	10.683
@
1.354	30.017	8.838
1.354	30.018	8.838
@
1.357	30.002	13.037
1.357	30.002	13.037
@
1.358	30.017	8.813
1.358	30.018	8.813
@
1.360	15.682	12.264
1.360	15.682	12.264
@
1.366	15.680	12.183
1.366	15.680	12.183
@
1.367	15.680	12.182
1.367	15.683	12.182
@
1.367	20.384	11.729
1.367	20.385	11.729
@
1.383	20.383	11.547
1.383	20.388	11.547
@
1.384	30.014	8.655
1.384	30.016	8.655
@
1.386	25.159	10.289
1.386	25.160	10.289
@
1.387	25.162	10.292
1.387	25.162	10.292
@
1.390	25.161	10.299
1.390	25.163	10.299
@
1.391	30.015	8.606
1.391	30.017	8.606
@
1.401	30.014	8.472
1.401	30.014	8.472
@
1.402	20.385	11.214
1.402	20.387	11.214
@
1.404	15.677	11.653
1.404	15.678	11.653
@
1.414	11.325	14.051
1.414	11.328	14.051
@
1.414	30.014	8.362
1.414	30.014	8.362
@
1.417	15.676	11.583
1.417	15.679	11.583
@
1.421	25.245	9.646
1.421	25.245	9.646
@
1.424	25.245	9.582
1.424	25.246	9.582
@
1.424	30.013	8.274
1.424	30.015	8.274
@
1.428	25.164	9.706
1.428	25.166	9.706
1.428	25.167	9.706
@
1.430	25.166	9.705
1.430	25.166	9.705
1.430	25.166	9.705
@
1.430	30.014	8.179
1.430	30.015	8.179
@
1.439	30.011	8.081
1.439	30.012	8.081
@
1.440	30.013	8.081
1.440	30.013	8.081
1.440	30.014	8.081
@
1.441	20.387	10.725
1.441	20.388	10.725
@
1.449	30.013	7.971
1.449	30.013	7.971
@
1.450	20.391	9.781
1.450	20.395	9.781
@
1.455	29.963	10.669
1.455	29.965	10.669
@
1.456	29.965	10.669
1.456	29.967	10.669
@
1.459	30.011	7.849
1.459	30.012	7.849
1.459	30.014	7.849
@
1.466	34.889	9.779
1.466	34.890	9.779
@
1.473	15.674	10.742
1.473	15.674	10.742
@
1.481	15.570	9.277
1.481	15.570	9.277
1.481	15.573	9.277
@
1.485	29.966	9.722
1.485	29.966	9.722
1.485	29.967	9.722
@
1.492	20.391	9.143
1.492	20.396	9.143
@
1.492	2.461	9.302
1.492	2.482	9.302
@
1.493	11.315	12.561
1.493	11.316	12.561
@
1.496	29.967	9.546
1.496	29.967	9.546
1.496	29.967	9.546
1.496	29.968	9.546
@
1.497	29.968	9.546
1.497	29.969	9.546
@
1.504	2.439	9.204
1.504	2.441	9.204
@
1.505	29.969	9.161
1.505	29.970	9.161
@
1.509	2.440	9.107
1.509	2.441	9.107
@
1.537	29.972	8.545
1.537	29.973	8.545
@
1.559	20.392	8.777
1.559	20.393	8.777
@
1.563	15.666	9.664
1.563	15.667	9.664
@
1.575	11.303	10.645
1.575	11.303	10.645
@
1.591	15.664	9.277
1.591	15.666	9.277
@
1.592	30.000	6.482
1.592	30.001	6.482
1.592	30.001	6.482
@
1.597	30.001	6.433
1.597	30.001	6.433
@
1.611	25.177	6.843
1.611	25.222	6.843
@
1.614	15.582	7.800
1.614	15.585	7.800
@
1.621	10.812	7.129
1.621	10.813	7.129
@
1.623	30.000	6.250
1.623	30.000	6.250
@
1.633	11.288	8.932
1.633	11.289	8.932
@
1.658	15.661	8.195
1.658	15.662	8.195
@
1.661	25.212	6.091
1.661	25.216	6.091
@
1.668	15.659	8.044
1.668	15.660	8.044
@
1.685	11.278	7.928
1.685	11.279	7.928
@
1.697	20.398	6.220
1.697	20.398	6.220
@
1.726	15.654	7.178
1.726	15.657	7.178
@
1.733	15.651	6.897
1.733	15.652	6.897
@
1.795	2.220	6.436
1.795	2.221	6.436
@
1.833	2.410	5.945
1.834	2.409	5.945
1.834	2.412	5.945
