0.000	-2.183	0.019
0.050	-0.673	0.006
0.100	0.895	-0.004
0.150	2.391	-0.019
0.200	3.695	-0.030
0.250	4.690	-0.038
0.300	5.293	-0.046
0.350	5.455	-0.048
0.400	5.164	-0.046
0.450	4.439	-0.042
0.500	3.347	-0.035
0.550	1.983	-0.023
0.600	0.464	-0.010
0.650	-1.094	0.002
0.700	-2.559	0.014
0.750	-3.820	0.025
0.800	-4.770	0.035
0.850	-5.328	0.039
0.900	-5.441	0.042
0.950	-5.093	0.042
1.000	-4.316	0.036
1.050	-3.182	0.027
1.100	-1.786	0.015
1.150	-0.249	0.005
1.200	1.312	-0.009
1.250	2.765	-0.022
1.300	3.994	-0.034
1.350	4.894	-0.040
1.400	5.383	-0.046
1.450	5.424	-0.049
1.500	5.009	-0.046
1.550	4.177	-0.040
1.600	3.002	-0.031
1.650	1.581	-0.020
1.700	0.047	-0.008
1.750	-1.501	0.006
1.800	-2.924	0.018
1.850	-4.110	0.029
1.900	-4.962	0.035
1.950	-5.403	0.041
2.000	-5.392	0.042
2.050	-4.924	0.040
2.100	-4.041	0.032
2.150	-2.826	0.024
2.200	-1.382	0.014
2.250	0.171	-0.000
2.300	1.716	-0.014
2.350	3.124	-0.024
2.400	4.272	-0.035
2.450	5.069	-0.043
2.500	5.438	-0.048
2.550	5.358	-0.047
2.600	4.825	-0.044
2.650	3.892	-0.038
2.700	2.647	-0.029
2.750	1.179	-0.016
2.800	-0.376	-0.003
2.850	-1.901	0.009
2.900	-3.270	0.019
2.950	-4.374	0.032
3.000	-5.123	0.038
3.050	-5.446	0.041
3.100	-5.310	0.041
3.150	-4.723	0.037
3.200	-3.744	0.031
3.250	-2.458	0.021
3.300	-0.972	0.010
3.350	0.594	-0.002
3.400	2.113	-0.017
3.450	3.463	-0.027
3.500	4.526	-0.037
3.550	5.212	-0.043
3.600	5.461	-0.048
3.650	5.258	-0.048
3.700	4.616	-0.043
3.750	3.584	-0.034
3.800	2.260	-0.026
3.850	0.762	-0.015
3.900	-0.794	-0.001
3.950	-2.288	0.012
4.000	-3.598	0.022
4.050	-4.614	0.032
4.100	-5.254	0.039
4.150	-5.455	0.042
4.200	-5.195	0.040
4.250	-4.497	0.036
4.300	-3.425	0.030
4.350	-2.071	0.019
4.400	-0.551	0.006
4.450	1.014	-0.006
4.500	2.499	-0.018
4.550	3.780	-0.030
4.600	4.750	-0.041
4.650	5.319	-0.046
4.700	5.453	-0.047
4.750	5.126	-0.046
4.800	4.368	-0.042
4.850	3.250	-0.034
4.900	1.871	-0.021
4.950	0.343	-0.010
5.000	-1.210	0.001
5.050	-2.665	0.016
5.100	-3.904	0.027
5.150	-4.828	0.034
5.200	-5.352	0.040
5.250	-5.431	0.043
5.300	-5.047	0.041
5.350	-4.240	0.034
5.400	-3.082	0.025
5.450	-1.673	0.016
5.500	-0.130	0.005
5.550	1.424	-0.010
5.600	2.866	-0.023
5.650	4.075	-0.032
5.700	4.945	-0.040
5.750	5.400	-0.048
5.800	5.411	-0.049
5.850	4.961	-0.046
5.900	4.099	-0.039
5.950	2.902	-0.031
6.000	1.471	-0.019
6.050	-0.075	-0.007
6.100	-1.614	0.007
6.150	-3.024	0.018
6.200	-4.186	0.028
6.250	-5.009	0.037
6.300	-5.419	0.041
6.350	-5.372	0.041
6.400	-4.870	0.038
6.450	-3.960	0.032
6.500	-2.724	0.025
6.550	-1.269	0.011
6.600	0.290	-0.001
6.650	1.827	-0.013
6.700	3.229	-0.024
6.750	4.351	-0.036
6.800	5.113	-0.043
6.850	5.444	-0.046
6.900	5.329	-0.047
6.950	4.768	-0.046
7.000	3.810	-0.038
7.050	2.536	-0.027
7.100	1.063	-0.016
7.150	-0.493	-0.005
7.200	-2.009	0.009
7.250	-3.364	0.022
7.300	-4.444	0.031
7.350	-5.163	0.037
7.400	-5.452	0.042
7.450	-5.282	0.043
7.500	-4.662	0.037
7.550	-3.657	0.030
7.600	-2.351	0.022
7.650	-0.855	0.009
7.700	0.717	-0.004
7.750	2.225	-0.016
7.800	3.556	-0.026
7.850	4.588	-0.036
7.900	5.243	-0.045
7.950	5.458	-0.048
8.000	5.222	-0.047
8.050	4.543	-0.042
8.100	3.492	-0.037
8.150	2.152	-0.026
8.200	0.645	-0.012
8.250	-0.913	0.001
8.300	-2.397	0.011
8.350	-3.686	0.024
8.400	-4.677	0.034
8.450	-5.285	0.040
8.500	-5.452	0.041
8.550	-5.157	0.040
8.600	-4.427	0.037
8.650	-3.329	0.028
8.700	-1.957	0.018
8.750	-0.431	0.006
8.800	1.129	-0.005
8.850	2.602	-0.020
8.900	3.865	-0.032
8.950	4.809	-0.040
9.000	5.347	-0.045
9.050	5.444	-0.048
9.100	5.082	-0.047
9.150	4.293	-0.042
9.200	3.156	-0.032
9.250	1.759	-0.021
9.300	0.224	-0.011
9.350	-1.325	0.003
9.400	-2.766	0.016
9.450	-3.987	0.027
9.500	-4.881	0.034
9.550	-5.375	0.040
9.600	-5.417	0.044
9.650	-5.001	0.040
9.700	-4.162	0.034
9.750	-2.982	0.027
9.800	-1.560	0.016
9.850	-0.015	0.003
9.900	1.540	-0.011
9.950	2.970	-0.023
