0.000	0.660	-0.037
0.050	-0.929	-0.012
0.100	-2.440	0.013
0.150	-3.746	0.036
0.200	-4.732	0.056
0.250	-5.316	0.071
0.300	-5.436	0.080
0.350	-5.076	0.081
0.400	-4.269	0.074
0.450	-3.094	0.062
0.500	-1.656	0.043
0.550	-0.078	0.020
0.600	1.507	-0.004
0.650	2.965	-0.029
0.700	4.172	-0.052
0.750	5.018	-0.071
0.800	5.425	-0.083
0.850	5.363	-0.087
0.900	4.830	-0.086
0.950	3.884	-0.076
1.000	2.597	-0.062
1.050	1.097	-0.041
1.100	-0.491	-0.017
1.150	-2.036	0.008
1.200	-3.408	0.031
1.250	-4.494	0.052
1.300	-5.197	0.069
1.350	-5.450	0.079
1.400	-5.222	0.081
1.450	-4.533	0.077
1.500	-3.452	0.065
1.550	-2.078	0.048
1.600	-0.529	0.025
1.650	1.068	0.001
1.700	2.576	-0.024
1.750	3.868	-0.047
1.800	4.823	-0.068
1.850	5.358	-0.082
1.900	5.427	-0.088
1.950	5.033	-0.087
2.000	4.185	-0.080
2.050	2.986	-0.066
2.100	1.533	-0.046
2.150	-0.045	-0.023
2.200	-1.613	0.001
2.250	-3.047	0.026
2.300	-4.225	0.050
2.350	-5.044	0.066
2.400	-5.427	0.076
2.450	-5.335	0.082
2.500	-4.771	0.079
2.550	-3.792	0.067
2.600	-2.485	0.052
2.650	-0.970	0.031
2.700	0.627	0.008
2.750	2.173	-0.020
2.800	3.536	-0.042
2.850	4.595	-0.063
2.900	5.255	-0.078
2.950	5.463	-0.087
3.000	5.186	-0.087
3.050	4.457	-0.081
3.100	3.341	-0.070
3.150	1.952	-0.052
3.200	0.400	-0.028
3.250	-1.185	-0.003
3.300	-2.670	0.021
3.350	-3.929	0.044
3.400	-4.857	0.062
3.450	-5.367	0.076
3.500	-5.409	0.081
3.550	-4.973	0.080
3.600	-4.100	0.071
3.650	-2.875	0.057
3.700	-1.408	0.035
3.750	0.176	0.013
3.800	1.752	-0.013
3.850	3.180	-0.038
3.900	4.334	-0.059
3.950	5.118	-0.075
4.000	5.446	-0.086
4.050	5.310	-0.089
4.100	4.705	-0.085
4.150	3.693	-0.072
4.200	2.368	-0.057
4.250	0.847	-0.034
4.300	-0.742	-0.009
4.350	-2.269	0.016
4.400	-3.606	0.039
4.450	-4.636	0.059
4.500	-5.270	0.073
4.550	-5.447	0.081
4.600	-5.142	0.081
4.650	-4.386	0.073
4.700	-3.250	0.060
4.750	-1.836	0.041
4.800	-0.268	0.018
4.850	1.323	-0.006
4.900	2.804	-0.031
4.950	4.044	-0.054
5.000	4.941	-0.073
5.050	5.403	-0.083
5.100	5.397	-0.088
5.150	4.916	-0.086
5.200	4.010	-0.075
5.250	2.760	-0.060
5.300	1.281	-0.039
5.350	-0.304	-0.015
5.400	-1.861	0.010
5.450	-3.260	0.035
5.500	-4.384	0.055
5.550	-5.138	0.069
5.600	-5.445	0.080
5.650	-5.275	0.081
5.700	-4.637	0.075
5.750	-3.598	0.063
5.800	-2.251	0.046
5.850	-0.717	0.024
5.900	0.879	-0.001
5.950	2.413	-0.026
6.000	3.732	-0.048
6.050	4.725	-0.067
6.100	5.314	-0.081
6.150	5.443	-0.087
6.200	5.098	-0.085
6.250	4.304	-0.078
6.300	3.142	-0.064
6.350	1.713	-0.043
6.400	0.145	-0.021
6.450	-1.431	0.004
6.500	-2.889	0.028
6.550	-4.103	0.050
6.600	-4.968	0.066
6.650	-5.407	0.076
6.700	-5.371	0.080
6.750	-4.860	0.077
6.800	-3.926	0.066
6.850	-2.655	0.049
6.900	-1.157	0.029
6.950	0.443	0.006
7.000	2.000	-0.020
7.050	3.389	-0.043
7.100	4.488	-0.062
7.150	5.194	-0.077
7.200	5.456	-0.086
7.250	5.240	-0.087
7.300	4.565	-0.079
7.350	3.495	-0.066
7.400	2.128	-0.049
7.450	0.587	-0.026
7.500	-1.000	-0.001
7.550	-2.504	0.023
7.600	-3.797	0.043
7.650	-4.768	0.062
7.700	-5.331	0.075
7.750	-5.430	0.080
7.800	-5.048	0.076
7.850	-4.223	0.068
7.900	-3.033	0.054
7.950	-1.588	0.035
8.000	-0.011	0.011
8.050	1.571	-0.013
8.100	3.020	-0.036
8.150	4.215	-0.058
8.200	5.046	-0.074
8.250	5.431	-0.083
8.300	5.350	-0.085
8.350	4.797	-0.082
8.400	3.829	-0.070
8.450	2.539	-0.052
8.500	1.033	-0.031
8.550	-0.556	-0.008
8.600	-2.097	0.017
8.650	-3.462	0.038
8.700	-4.532	0.057
8.750	-5.219	0.070
8.800	-5.450	0.078
8.850	-5.202	0.078
8.900	-4.496	0.070
8.950	-3.400	0.058
9.000	-2.014	0.039
9.050	-0.459	0.016
9.100	1.138	-0.006
9.150	2.636	-0.031
9.200	3.916	-0.052
9.250	4.856	-0.070
9.300	5.370	-0.080
9.350	5.421	-0.084
9.400	4.993	-0.082
9.450	4.138	-0.074
9.500	2.922	-0.057
9.550	1.464	-0.036
9.600	-0.113	-0.014
9.650	-1.680	0.010
9.700	-3.105	0.032
9.750	-4.270	0.053
9.800	-5.070	0.067
9.850	-5.434	0.075
9.900	-5.320	0.078
9.950	-4.736	0.072
10.000	-3.738	0.059
10.050	-2.421	0.043
10.100	-0.901	0.022
