0.000	-1.726	-0.191
0.050	-3.180	-0.155
0.100	-4.348	-0.106
0.150	-5.129	-0.048
0.200	-5.440	0.015
0.250	-5.247	0.078
0.300	-4.566	0.133
0.350	-3.466	0.176
0.400	-2.053	0.202
0.450	-0.455	0.212
0.500	1.184	0.200
0.550	2.722	0.170
0.600	4.012	0.124
0.650	4.935	0.066
0.700	5.403	0.004
0.750	5.377	-0.061
0.800	4.853	-0.119
0.850	3.884	-0.165
0.900	2.567	-0.199
0.950	1.021	-0.215
1.000	-0.606	-0.209
1.050	-2.181	-0.183
1.100	-3.563	-0.144
1.150	-4.627	-0.091
1.200	-5.273	-0.029
1.250	-5.436	0.038
1.300	-5.093	0.099
1.350	-4.276	0.151
1.400	-3.068	0.189
1.450	-1.584	0.212
1.500	0.039	0.215
1.550	1.661	0.196
1.600	3.138	0.159
1.650	4.329	0.110
1.700	5.126	0.048
1.750	5.447	-0.017
1.800	5.273	-0.081
1.850	4.611	-0.136
1.900	3.524	-0.181
1.950	2.115	-0.211
2.000	0.538	-0.218
2.050	-1.090	-0.207
2.100	-2.621	-0.178
2.150	-3.920	-0.132
2.200	-4.867	-0.074
2.250	-5.375	-0.007
2.300	-5.385	0.056
2.350	-4.894	0.119
2.400	-3.950	0.167
2.450	-2.649	0.204
2.500	-1.110	0.220
2.550	0.528	0.215
2.600	2.124	0.190
2.650	3.530	0.149
2.700	4.615	0.094
2.750	5.273	0.029
2.800	5.449	-0.038
2.850	5.122	-0.101
2.900	4.324	-0.156
2.950	3.133	-0.196
3.000	1.664	-0.219
3.050	0.055	-0.222
3.100	-1.562	-0.204
3.150	-3.039	-0.167
3.200	-4.245	-0.117
3.250	-5.069	-0.055
3.300	-5.431	0.012
3.350	-5.291	0.077
3.400	-4.657	0.138
3.450	-3.596	0.185
3.500	-2.207	0.215
3.550	-0.621	0.223
3.600	1.019	0.213
3.650	2.572	0.185
3.700	3.892	0.136
3.750	4.861	0.076
3.800	5.372	0.009
3.850	5.410	-0.057
3.900	4.930	-0.121
3.950	3.994	-0.172
4.000	2.713	-0.209
4.050	1.187	-0.227
4.100	-0.441	-0.223
4.150	-2.028	-0.199
4.200	-3.435	-0.157
4.250	-4.535	-0.100
4.300	-5.228	-0.036
4.350	-5.443	0.035
4.400	-5.151	0.098
4.450	-4.379	0.157
4.500	-3.207	0.198
4.550	-1.746	0.221
4.600	-0.133	0.228
4.650	1.496	0.211
4.700	2.996	0.174
4.750	4.224	0.121
4.800	5.061	0.058
4.850	5.446	-0.009
4.900	5.315	-0.080
4.950	4.699	-0.139
5.000	3.652	-0.187
5.050	2.275	-0.221
5.100	0.708	-0.230
5.150	-0.923	-0.221
5.200	-2.472	-0.191
5.250	-3.800	-0.143
5.300	-4.789	-0.083
5.350	-5.345	-0.013
5.400	-5.408	0.056
5.450	-4.967	0.120
5.500	-4.068	0.172
5.550	-2.798	0.212
5.600	-1.276	0.230
5.650	0.361	0.228
5.700	1.967	0.204
5.750	3.399	0.161
5.800	4.520	0.104
5.850	5.227	0.037
5.900	5.453	-0.033
5.950	5.174	-0.102
6.000	4.426	-0.159
6.050	3.269	-0.203
6.100	1.822	-0.228
6.150	0.218	-0.233
6.200	-1.403	-0.217
6.250	-2.898	-0.181
6.300	-4.137	-0.128
6.350	-5.004	-0.063
6.400	-5.417	0.006
6.450	-5.329	0.076
6.500	-4.743	0.139
6.550	-3.720	0.190
6.600	-2.359	0.224
6.650	-0.789	0.234
6.700	0.851	0.225
6.750	2.419	0.196
6.800	3.770	0.149
6.850	4.785	0.087
6.900	5.347	0.016
6.950	5.426	-0.055
7.000	5.000	-0.120
7.050	4.115	-0.176
7.100	2.856	-0.216
7.150	1.351	-0.236
7.200	-0.271	-0.234
7.250	-1.869	-0.211
7.300	-3.302	-0.169
7.350	-4.439	-0.112
7.400	-5.178	-0.045
7.450	-5.444	0.028
7.500	-5.204	0.096
7.550	-4.478	0.158
7.600	-3.344	0.205
7.650	-1.908	0.232
7.700	-0.303	0.238
7.750	1.334	0.224
7.800	2.852	0.187
7.850	4.115	0.132
7.900	4.999	0.066
7.950	5.422	-0.004
8.000	5.350	-0.075
8.050	4.782	-0.140
8.100	3.775	-0.192
8.150	2.432	-0.226
8.200	0.874	-0.240
8.250	-0.751	-0.230
8.300	-2.322	-0.202
8.350	-3.677	-0.154
8.400	-4.706	-0.093
8.450	-5.309	-0.022
8.500	-5.425	0.050
8.550	-5.036	0.119
8.600	-4.180	0.176
8.650	-2.942	0.218
8.700	-1.437	0.240
8.750	0.193	0.239
8.800	1.806	0.217
8.850	3.269	0.174
8.900	4.424	0.116
8.950	5.177	0.047
9.000	5.445	-0.026
9.050	5.228	-0.098
9.100	4.521	-0.161
9.150	3.402	-0.208
9.200	1.979	-0.235
9.250	0.385	-0.242
9.300	-1.241	-0.229
9.350	-2.755	-0.192
9.400	-4.025	-0.142
9.450	-4.934	-0.075
9.500	-5.397	-0.002
9.550	-5.361	0.069
9.600	-4.824	0.139
9.650	-3.842	0.192
9.700	-2.512	0.229
9.750	-0.958	0.243
9.800	0.679	0.235
9.850	2.270	0.209
9.900	3.647	0.160
9.950	4.688	0.096
10.000	5.307	0.024
10.050	5.439	-0.051
10.100	5.066	-0.120
10.150	4.228	-0.178
