0.000	-1.076	-0.122
0.050	-2.600	-0.064
0.100	-3.897	0.001
0.150	-4.849	0.068
0.200	-5.367	0.127
0.250	-5.396	0.172
0.300	-4.927	0.204
0.350	-4.010	0.216
0.400	-2.731	0.210
0.450	-1.211	0.181
0.500	0.415	0.139
0.550	2.006	0.083
0.600	3.420	0.019
0.650	4.528	-0.049
0.700	5.231	-0.109
0.750	5.453	-0.161
0.800	5.182	-0.199
0.850	4.439	-0.220
0.900	3.296	-0.220
0.950	1.865	-0.201
1.000	0.273	-0.164
1.050	-1.339	-0.115
1.100	-2.834	-0.053
1.150	-4.081	0.014
1.200	-4.965	0.079
1.250	-5.406	0.135
1.300	-5.352	0.179
1.350	-4.804	0.209
1.400	-3.820	0.216
1.450	-2.494	0.206
1.500	-0.949	0.175
1.550	0.681	0.131
1.600	2.255	0.072
1.650	3.626	0.007
1.700	4.679	-0.059
1.750	5.300	-0.118
1.800	5.443	-0.168
1.850	5.091	-0.204
1.900	4.275	-0.222
1.950	3.078	-0.218
2.000	1.610	-0.196
2.050	0.005	-0.158
2.100	-1.598	-0.105
2.150	-3.062	-0.042
2.200	-4.253	0.027
2.250	-5.072	0.088
2.300	-5.432	0.143
2.350	-5.295	0.185
2.400	-4.669	0.211
2.450	-3.620	0.216
2.500	-2.248	0.201
2.550	-0.679	0.170
2.600	0.948	0.122
2.650	2.496	0.061
2.700	3.828	-0.004
2.750	4.811	-0.068
2.800	5.356	-0.128
2.850	5.420	-0.176
2.900	4.988	-0.208
2.950	4.103	-0.220
3.000	2.853	-0.215
3.050	1.353	-0.191
3.100	-0.261	-0.150
3.150	-1.851	-0.095
3.200	-3.276	-0.029
3.250	-4.417	0.036
3.300	-5.164	0.097
3.350	-5.444	0.151
3.400	-5.224	0.191
3.450	-4.523	0.212
3.500	-3.416	0.215
3.550	-2.002	0.198
3.600	-0.413	0.162
3.650	1.214	0.112
3.700	2.738	0.052
3.750	4.015	-0.014
3.800	4.934	-0.080
3.850	5.401	-0.136
3.900	5.382	-0.182
3.950	4.868	-0.212
4.000	3.917	-0.221
4.050	2.617	-0.213
4.100	1.087	-0.185
4.150	-0.531	-0.140
4.200	-2.105	-0.084
4.250	-3.491	-0.020
4.300	-4.570	0.046
4.350	-5.243	0.107
4.400	-5.443	0.158
4.450	-5.140	0.195
4.500	-4.366	0.214
4.550	-3.198	0.213
4.600	-1.747	0.192
4.650	-0.146	0.155
4.700	1.476	0.102
4.750	2.968	0.041
4.800	4.195	-0.025
4.850	5.044	-0.089
4.900	5.432	-0.145
4.950	5.331	-0.188
5.000	4.741	-0.214
5.050	3.725	-0.221
5.100	2.378	-0.209
5.150	0.823	-0.179
5.200	-0.795	-0.132
5.250	-2.347	-0.073
5.300	-3.692	-0.009
5.350	-4.711	0.056
5.400	-5.311	0.117
5.450	-5.427	0.166
5.500	-5.044	0.200
5.550	-4.198	0.215
5.600	-2.974	0.210
5.650	-1.488	0.188
5.700	0.128	0.147
5.750	1.735	0.093
5.800	3.192	0.030
5.850	4.363	-0.036
5.900	5.141	-0.099
5.950	5.445	-0.154
6.000	5.266	-0.193
6.050	4.599	-0.216
6.100	3.522	-0.221
6.150	2.132	-0.206
6.200	0.564	-0.171
6.250	-1.059	-0.122
6.300	-2.588	-0.063
6.350	-3.886	0.001
6.400	-4.841	0.067
6.450	-5.364	0.126
6.500	-5.398	0.172
6.550	-4.934	0.203
6.600	-4.019	0.215
6.650	-2.746	0.208
6.700	-1.229	0.182
6.750	0.397	0.139
6.800	1.991	0.081
6.850	3.409	0.019
6.900	4.520	-0.047
6.950	5.225	-0.108
7.000	5.452	-0.161
7.050	5.188	-0.198
7.100	4.448	-0.219
7.150	3.309	-0.220
7.200	1.884	-0.200
7.250	0.289	-0.163
7.300	-1.327	-0.113
7.350	-2.822	-0.053
7.400	-4.070	0.013
7.450	-4.960	0.078
7.500	-5.404	0.134
7.550	-5.355	0.177
7.600	-4.812	0.206
7.650	-3.830	0.215
7.700	-2.506	0.205
7.750	-0.963	0.175
7.800	0.664	0.130
7.850	2.237	0.073
7.900	3.615	0.008
7.950	4.668	-0.057
8.000	5.295	-0.118
8.050	5.443	-0.168
8.100	5.097	-0.202
8.150	4.287	-0.221
8.200	3.098	-0.217
8.250	1.629	-0.195
8.300	0.020	-0.156
8.350	-1.582	-0.104
8.400	-3.047	-0.042
8.450	-4.244	0.024
8.500	-5.066	0.087
8.550	-5.431	0.142
8.600	-5.300	0.183
8.650	-4.679	0.209
8.700	-3.634	0.215
8.750	-2.265	0.201
8.800	-0.695	0.169
8.850	0.933	0.120
8.900	2.483	0.062
8.950	3.814	-0.003
9.000	4.802	-0.068
9.050	5.353	-0.128
9.100	5.421	-0.175
9.150	4.989	-0.207
9.200	4.113	-0.220
9.250	2.863	-0.215
9.300	1.367	-0.190
9.350	-0.246	-0.149
9.400	-1.836	-0.095
9.450	-3.266	-0.031
9.500	-4.407	0.035
9.550	-5.159	0.097
9.600	-5.444	0.149
9.650	-5.228	0.189
9.700	-4.531	0.211
9.750	-3.427	0.214
9.800	-2.017	0.196
9.850	-0.431	0.161
9.900	1.197	0.111
