0.000	-5.428	0.062
0.050	-5.048	0.125
0.100	-4.202	0.177
0.150	-2.973	0.217
0.200	-1.480	0.235
0.250	0.148	0.230
0.300	1.765	0.205
0.350	3.224	0.162
0.400	4.396	0.105
0.450	5.161	0.036
0.500	5.450	-0.035
0.550	5.243	-0.102
0.600	4.549	-0.161
0.650	3.443	-0.205
0.700	2.028	-0.230
0.750	0.438	-0.233
0.800	-1.186	-0.216
0.850	-2.706	-0.180
0.900	-3.985	-0.124
0.950	-4.909	-0.058
1.000	-5.389	0.012
1.050	-5.371	0.081
1.100	-4.854	0.144
1.150	-3.888	0.195
1.200	-2.568	0.227
1.250	-1.019	0.238
1.300	0.620	0.228
1.350	2.203	0.197
1.400	3.595	0.149
1.450	4.659	0.086
1.500	5.293	0.016
1.550	5.442	-0.056
1.600	5.091	-0.122
1.650	4.272	-0.178
1.700	3.063	-0.217
1.750	1.586	-0.236
1.800	-0.029	-0.233
1.850	-1.639	-0.210
1.900	-3.100	-0.165
1.950	-4.290	-0.107
2.000	-5.095	-0.039
2.050	-5.436	0.033
2.100	-5.273	0.103
2.150	-4.619	0.163
2.200	-3.541	0.208
2.250	-2.144	0.234
2.300	-0.559	0.240
2.350	1.080	0.225
2.400	2.626	0.187
2.450	3.936	0.133
2.500	4.885	0.066
2.550	5.386	-0.006
2.600	5.393	-0.077
2.650	4.903	-0.143
2.700	3.964	-0.193
2.750	2.666	-0.227
2.800	1.135	-0.240
2.850	-0.491	-0.232
2.900	-2.072	-0.200
2.950	-3.474	-0.152
3.000	-4.564	-0.091
3.050	-5.241	-0.019
3.100	-5.442	0.054
3.150	-5.135	0.123
3.200	-4.352	0.180
3.250	-3.172	0.219
3.300	-1.707	0.242
3.350	-0.089	0.241
3.400	1.539	0.217
3.450	3.030	0.174
3.500	4.247	0.117
3.550	5.078	0.047
3.600	5.437	-0.028
3.650	5.303	-0.099
3.700	4.676	-0.160
3.750	3.624	-0.208
3.800	2.245	-0.237
3.850	0.671	-0.244
3.900	-0.953	-0.226
3.950	-2.499	-0.190
4.000	-3.823	-0.137
4.050	-4.802	-0.072
4.100	-5.350	0.004
4.150	-5.405	0.076
4.200	-4.957	0.142
4.250	-4.050	0.194
4.300	-2.776	0.233
4.350	-1.255	0.246
4.400	0.379	0.238
4.450	1.982	0.208
4.500	3.410	0.161
4.550	4.527	0.098
4.600	5.230	0.024
4.650	5.451	-0.050
4.700	5.173	-0.119
4.750	4.418	-0.178
4.800	3.262	-0.221
4.850	1.812	-0.242
4.900	0.217	-0.242
4.950	-1.406	-0.221
5.000	-2.905	-0.180
5.050	-4.140	-0.120
5.100	-5.006	-0.050
5.150	-5.417	0.024
5.200	-5.328	0.096
5.250	-4.742	0.161
5.300	-3.722	0.210
5.350	-2.364	0.240
5.400	-0.795	0.248
5.450	0.846	0.234
5.500	2.415	0.198
5.550	3.766	0.145
5.600	4.774	0.078
5.650	5.341	0.004
5.700	5.422	-0.072
5.750	5.005	-0.140
5.800	4.122	-0.194
5.850	2.870	-0.231
5.900	1.363	-0.249
5.950	-0.258	-0.242
6.000	-1.855	-0.213
6.050	-3.288	-0.164
6.100	-4.428	-0.102
6.150	-5.171	-0.029
6.200	-5.444	0.046
6.250	-5.210	0.119
6.300	-4.493	0.180
6.350	-3.363	0.223
6.400	-1.929	0.247
6.450	-0.327	0.249
6.500	1.306	0.228
6.550	2.827	0.187
6.600	4.092	0.128
6.650	4.984	0.057
6.700	5.416	-0.019
6.750	5.355	-0.093
6.800	4.796	-0.158
6.850	3.798	-0.209
6.900	2.471	-0.241
6.950	0.911	-0.250
7.000	-0.723	-0.237
7.050	-2.285	-0.203
7.100	-3.648	-0.150
7.150	-4.684	-0.083
7.200	-5.300	-0.006
7.250	-5.429	0.068
7.300	-5.052	0.137
7.350	-4.208	0.195
7.400	-2.981	0.235
7.450	-1.486	0.251
7.500	0.140	0.247
7.550	1.758	0.221
7.600	3.220	0.173
7.650	4.390	0.108
7.700	5.158	0.035
7.750	5.450	-0.041
7.800	5.243	-0.114
7.850	4.552	-0.176
7.900	3.454	-0.223
7.950	2.032	-0.247
8.000	0.441	-0.251
8.050	-1.177	-0.232
8.100	-2.700	-0.192
8.150	-3.981	-0.131
8.200	-4.907	-0.060
8.250	-5.388	0.015
8.300	-5.373	0.089
8.350	-4.856	0.157
8.400	-3.892	0.211
8.450	-2.574	0.243
8.500	-1.028	0.255
8.550	0.610	0.245
8.600	2.196	0.211
8.650	3.587	0.157
8.700	4.653	0.091
8.750	5.290	0.016
8.800	5.442	-0.062
8.850	5.091	-0.134
8.900	4.286	-0.190
8.950	3.072	-0.234
9.000	1.588	-0.257
9.050	-0.020	-0.254
9.100	-1.629	-0.227
9.150	-3.095	-0.179
9.200	-4.286	-0.116
9.250	-5.092	-0.044
9.300	-5.435	0.035
9.350	-5.275	0.110
9.400	-4.623	0.175
9.450	-3.548	0.224
9.500	-2.153	0.253
9.550	-0.567	0.258
9.600	1.072	0.239
9.650	2.619	0.199
9.700	3.929	0.141
9.750	4.883	0.070
9.800	5.384	-0.007
9.850	5.393	-0.084
9.900	4.914	-0.150
9.950	3.970	-0.207
10.000	2.668	-0.244
10.050	1.143	-0.258
10.100	-0.483	-0.247
10.150	-2.067	-0.214
10.200	-3.468	-0.162
10.250	-4.558	-0.096
