0.000	5.367	0.001
0.050	4.806	-0.085
0.100	3.811	-0.163
0.150	2.475	-0.229
0.200	0.918	-0.269
0.250	-0.718	-0.286
0.300	-2.289	-0.276
0.350	-3.655	-0.242
0.400	-4.692	-0.184
0.450	-5.304	-0.111
0.500	-5.426	-0.027
0.550	-5.040	0.059
0.600	-4.183	0.140
0.650	-2.941	0.210
0.700	-1.435	0.257
0.750	0.199	0.284
0.800	1.816	0.282
0.850	3.276	0.255
0.900	4.434	0.206
0.950	5.182	0.136
1.000	5.461	0.057
1.050	5.219	-0.030
1.100	4.491	-0.115
1.150	3.368	-0.190
1.200	1.935	-0.246
1.250	0.331	-0.279
1.300	-1.298	-0.285
1.350	-2.812	-0.266
1.400	-4.073	-0.222
1.450	-4.966	-0.160
1.500	-5.407	-0.082
1.550	-5.345	0.004
1.600	-4.781	0.089
1.650	-3.773	0.167
1.700	-2.423	0.230
1.750	-0.854	0.269
1.800	0.790	0.285
1.850	2.369	0.275
1.900	3.734	0.239
1.950	4.757	0.182
2.000	5.344	0.109
2.050	5.427	0.025
2.100	5.006	-0.063
2.150	4.134	-0.142
2.200	2.881	-0.213
2.250	1.372	-0.261
2.300	-0.257	-0.283
2.350	-1.862	-0.282
2.400	-3.302	-0.254
2.450	-4.441	-0.204
2.500	-5.181	-0.133
2.550	-5.444	-0.052
2.600	-5.198	0.034
2.650	-4.466	0.118
2.700	-3.323	0.192
2.750	-1.877	0.247
2.800	-0.265	0.279
2.850	1.374	0.286
2.900	2.892	0.266
2.950	4.145	0.221
3.000	5.030	0.158
3.050	5.428	0.079
3.100	5.334	-0.006
3.150	4.742	-0.091
3.200	3.721	-0.168
3.250	2.361	-0.234
3.300	0.792	-0.272
3.350	-0.843	-0.287
3.400	-2.406	-0.275
3.450	-3.751	-0.239
3.500	-4.758	-0.181
3.550	-5.333	-0.106
3.600	-5.414	-0.022
3.650	-4.987	0.065
3.700	-4.097	0.146
3.750	-2.832	0.214
3.800	-1.311	0.261
3.850	0.330	0.285
3.900	1.943	0.282
3.950	3.385	0.254
4.000	4.515	0.202
4.050	5.224	0.133
4.100	5.443	0.049
4.150	5.176	-0.037
4.200	4.421	-0.119
4.250	3.263	-0.194
4.300	1.812	-0.250
4.350	0.204	-0.282
4.400	-1.422	-0.287
4.450	-2.922	-0.266
4.500	-4.158	-0.221
4.550	-5.019	-0.157
4.600	-5.421	-0.078
4.650	-5.318	0.008
4.700	-4.717	0.094
4.750	-3.680	0.174
4.800	-2.307	0.234
4.850	-0.726	0.272
4.900	0.922	0.288
4.950	2.489	0.276
5.000	3.826	0.237
5.050	4.824	0.178
5.100	5.363	0.103
5.150	5.412	0.020
5.200	4.958	-0.067
5.250	4.047	-0.146
5.300	2.767	-0.218
5.350	1.241	-0.265
5.400	-0.390	-0.286
5.450	-1.987	-0.283
5.500	-3.404	-0.252
5.550	-4.516	-0.201
5.600	-5.219	-0.130
5.650	-5.443	-0.047
5.700	-5.157	0.040
5.750	-4.389	0.125
5.800	-3.216	0.196
5.850	-1.751	0.250
5.900	-0.130	0.282
5.950	1.502	0.287
6.000	3.009	0.265
6.050	4.235	0.220
6.100	5.066	0.153
6.150	5.434	0.074
6.200	5.304	-0.012
6.250	4.678	-0.097
6.300	3.622	-0.175
6.350	2.238	-0.237
6.400	0.658	-0.275
6.450	-0.978	-0.289
6.500	-2.525	-0.275
6.550	-3.846	-0.236
6.600	-4.822	-0.177
6.650	-5.358	-0.101
6.700	-5.398	-0.016
6.750	-4.933	0.071
6.800	-4.008	0.152
6.850	-2.715	0.218
6.900	-1.176	0.265
6.950	0.464	0.286
7.000	2.066	0.282
7.050	3.483	0.252
7.100	4.584	0.199
7.150	5.259	0.127
7.200	5.449	0.044
7.250	5.135	-0.042
7.300	4.341	-0.124
7.350	3.153	-0.200
7.400	1.690	-0.252
7.450	0.064	-0.283
7.500	-1.552	-0.287
7.550	-3.033	-0.264
7.600	-4.242	-0.216
7.650	-5.069	-0.152
7.700	-5.431	-0.072
7.750	-5.288	0.015
7.800	-4.648	0.101
7.850	-3.578	0.179
7.900	-2.183	0.237
7.950	-0.594	0.275
8.000	1.057	0.290
8.050	2.607	0.277
8.100	3.922	0.236
8.150	4.874	0.175
8.200	5.383	0.099
8.250	5.394	0.013
8.300	4.900	-0.072
8.350	3.955	-0.154
8.400	2.651	-0.222
8.450	1.111	-0.266
8.500	-0.520	-0.286
8.550	-2.107	-0.281
8.600	-3.506	-0.249
8.650	-4.589	-0.196
8.700	-5.256	-0.123
8.750	-5.439	-0.040
8.800	-5.112	0.047
8.850	-4.307	0.129
8.900	-3.107	0.203
8.950	-1.627	0.253
9.000	0.002	0.285
9.050	1.628	0.287
9.100	3.111	0.263
9.150	4.306	0.214
9.200	5.119	0.147
9.250	5.448	0.068
9.300	5.275	-0.018
9.350	4.609	-0.103
9.400	3.523	-0.179
9.450	2.119	-0.242
9.500	0.531	-0.278
9.550	-1.103	-0.289
9.600	-2.639	-0.273
9.650	-3.937	-0.234
9.700	-4.881	-0.172
9.750	-5.380	-0.096
9.800	-5.379	-0.010
9.850	-4.874	0.076
9.900	-3.916	0.158
9.950	-2.601	0.223
10.000	-1.053	0.267
10.050	0.594	0.287
10.100	2.188	0.281
10.150	3.587	0.248
10.200	4.655	0.194
10.250	5.293	0.120
10.300	5.443	0.038
10.350	5.089	-0.049
10.400	4.264	-0.131
10.450	3.049	-0.205
10.500	1.561	-0.256
10.550	-0.060	-0.285
10.600	-1.674	-0.287
10.650	-3.141	-0.261
10.700	-4.323	-0.213
10.750	-5.115	-0.147
10.800	-5.438	-0.067
10.850	-5.254	0.021
10.900	-4.577	0.107
10.950	-3.479	0.183
11.000	-2.062	0.242
11.050	-0.464	0.277
11.100	1.177	0.289
11.150	2.721	0.272
11.200	4.015	0.231
11.250	4.939	0.169
11.300	5.401	0.092
11.350	5.372	0.007
11.400	4.842	-0.079
11.450	3.862	-0.158
11.500	2.539	-0.227
11.550	0.986	-0.270
11.600	-0.649	-0.287
11.650	-2.227	-0.280
11.700	-3.605	-0.247
11.750	-4.658	-0.193
11.800	-5.289	-0.119
11.850	-5.431	-0.033
11.900	-5.065	0.052
11.950	-4.227	0.133
12.000	-3.000	0.206
12.050	-1.501	0.259
12.100	0.130	0.286
12.150	1.757	0.286
12.200	3.224	0.260
12.250	4.395	0.212
12.300	5.163	0.144
12.350	5.450	0.063
12.400	5.237	-0.024
12.450	4.535	-0.108
12.500	3.420	-0.186
12.550	1.995	-0.245
12.600	0.398	-0.279
12.650	-1.233	-0.289
12.700	-2.753	-0.272
12.750	-4.028	-0.229
12.800	-4.938	-0.166
12.850	-5.399	-0.090
12.900	-5.357	-0.005
12.950	-4.814	0.083
13.000	-3.824	0.165
13.050	-2.483	0.229
13.100	-0.922	0.270
13.150	0.727	0.288
13.200	2.310	0.280
13.250	3.684	0.246
13.300	4.722	0.191
13.350	5.323	0.117
13.400	5.432	0.032
13.450	5.035	-0.055
13.500	4.179	-0.135
13.550	2.935	-0.210
13.600	1.433	-0.261
13.650	-0.194	-0.287
13.700	-1.801	-0.285
13.750	-3.249	-0.259
13.800	-4.403	-0.210
13.850	-5.160	-0.142
13.900	-5.443	-0.060
13.950	-5.219	0.028
14.000	-4.504	0.113
14.050	-3.374	0.189
14.100	-1.938	0.245
14.150	-0.328	0.280
14.200	1.312	0.289
14.250	2.835	0.272
14.300	4.103	0.229
14.350	4.994	0.165
14.400	5.419	0.086
14.450	5.347	0.001
14.500	4.779	-0.083
14.550	3.767	-0.166
14.600	2.418	-0.232
14.650	0.854	-0.272
14.700	-0.782	-0.288
14.750	-2.349	-0.280
14.800	-3.705	-0.245
14.850	-4.727	-0.187
14.900	-5.319	-0.112
14.950	-5.421	-0.029
15.000	-5.015	0.057
15.050	-4.140	0.141
15.100	-2.884	0.212
15.150	-1.370	0.261
15.200	0.266	0.287
15.250	1.879	0.286
15.300	3.328	0.259
15.350	4.472	0.209
15.400	5.204	0.139
15.450	5.451	0.058
15.500	5.198	-0.030
15.550	4.460	-0.114
15.600	3.315	-0.191
15.650	1.872	-0.247
15.700	0.266	-0.281
15.750	-1.361	-0.290
15.800	-2.868	-0.270
15.850	-4.116	-0.225
15.900	-4.993	-0.162
15.950	-5.415	-0.085
16.000	-5.332	0.004
16.050	-4.750	0.090
16.100	-3.726	0.169
16.150	-2.363	0.231
16.200	-0.789	0.272
16.250	0.855	0.290
16.300	2.427	0.279
16.350	3.782	0.242
16.400	4.789	0.185
16.450	5.347	0.111
16.500	5.421	0.025
16.550	4.984	-0.062
16.600	4.091	-0.141
16.650	2.824	-0.214
16.700	1.307	-0.263
16.750	-0.325	-0.287
16.800	-1.924	-0.284
16.850	-3.354	-0.257
16.900	-4.478	-0.206
16.950	-5.201	-0.136
17.000	-5.444	-0.052
17.050	-5.177	0.035
17.100	-4.426	0.118
17.150	-3.269	0.193
17.200	-1.814	0.249
17.250	-0.199	0.282
17.300	1.437	0.288
17.350	2.948	0.268
17.400	4.190	0.224
17.450	5.045	0.160
17.500	5.432	0.081
17.550	5.321	-0.006
17.600	4.713	-0.091
17.650	3.673	-0.170
17.700	2.301	-0.236
17.750	0.726	-0.274
17.800	-0.910	-0.288
17.850	-2.466	-0.277
17.900	-3.799	-0.242
17.950	-4.790	-0.183
18.000	-5.344	-0.105
18.050	-5.406	-0.021
18.100	-4.960	0.065
18.150	-4.052	0.146
18.200	-2.774	0.217
18.250	-1.246	0.265
18.300	0.394	0.287
18.350	2.003	0.284
18.400	3.434	0.257
18.450	4.546	0.204
18.500	5.243	0.133
18.550	5.450	0.051
18.600	5.158	-0.036
18.650	4.384	-0.120
18.700	3.212	-0.195
18.750	1.748	-0.251
18.800	0.137	-0.283
18.850	-1.487	-0.289
18.900	-2.977	-0.268
18.950	-4.200	-0.222
19.000	-5.043	-0.156
19.050	-5.426	-0.077
19.100	-5.303	0.009
19.150	-4.683	0.095
19.200	-3.630	0.175
19.250	-2.245	0.236
19.300	-0.660	0.275
19.350	0.986	0.290
19.400	2.547	0.278
19.450	3.876	0.240
19.500	4.851	0.181
19.550	5.369	0.105
19.600	5.403	0.020
19.650	4.930	-0.067
19.700	4.002	-0.146
19.750	2.711	-0.220
19.800	1.180	-0.267
19.850	-0.453	-0.289
19.900	-2.045	-0.284
19.950	-3.455	-0.254
20.000	-4.552	-0.202
20.050	-5.239	-0.131
20.100	-5.441	-0.046
20.150	-5.135	0.041
20.200	-4.349	0.124
20.250	-3.163	0.199
20.300	-1.691	0.252
20.350	-0.067	0.284
20.400	1.566	0.288
20.450	3.058	0.265
20.500	4.275	0.221
20.550	5.096	0.154
20.600	5.441	0.074
20.650	5.289	-0.012
20.700	4.643	-0.098
20.750	3.572	-0.177
20.800	2.180	-0.236
20.850	0.594	-0.274
20.900	-1.041	-0.288
20.950	-2.583	-0.275
21.000	-3.890	-0.236
21.050	-4.851	-0.175
21.100	-5.370	-0.100
21.150	-5.389	-0.016
21.200	-4.905	0.072
21.250	-3.964	0.153
21.300	-2.660	0.221
21.350	-1.116	0.267
21.400	0.529	0.288
21.450	2.127	0.284
21.500	3.537	0.254
21.550	4.619	0.200
21.600	5.278	0.128
21.650	5.445	0.045
21.700	5.111	-0.043
21.750	4.301	-0.126
21.800	3.099	-0.201
21.850	1.621	-0.255
21.900	0.003	-0.285
21.950	-1.614	-0.289
22.000	-3.085	-0.264
22.050	-4.283	-0.217
22.100	-5.093	-0.153
22.150	-5.435	-0.072
22.200	-5.272	0.016
22.250	-4.614	0.102
22.300	-3.530	0.179
22.350	-2.123	0.239
22.400	-0.525	0.277
22.450	1.117	0.290
22.500	2.665	0.277
22.550	3.968	0.237
22.600	4.909	0.176
22.650	5.393	0.099
22.700	5.383	0.013
22.750	4.869	-0.072
22.800	3.908	-0.153
22.850	2.593	-0.224
22.900	1.047	-0.269
22.950	-0.587	-0.288
23.000	-2.166	-0.282
23.050	-3.557	-0.251
23.100	-4.625	-0.197
23.150	-5.273	-0.124
23.200	-5.436	-0.041
23.250	-5.089	0.047
23.300	-4.268	0.130
23.350	-3.053	0.204
23.400	-1.562	0.256
23.450	0.066	0.286
23.500	1.692	0.289
23.550	3.168	0.265
23.600	4.355	0.218
23.650	5.141	0.150
23.700	5.446	0.069
23.750	5.255	-0.016
23.800	4.570	-0.103
23.850	3.470	-0.182
23.900	2.054	-0.241
23.950	0.460	-0.278
24.000	-1.167	-0.288
24.050	-2.698	-0.274
24.100	-3.985	-0.234
24.150	-4.911	-0.171
24.200	-5.390	-0.095
24.250	-5.369	-0.010
24.300	-4.845	0.078
24.350	-3.870	0.159
24.400	-2.541	0.225
24.450	-0.984	0.269
24.500	0.660	0.288
24.550	2.248	0.283
24.600	3.633	0.250
24.650	4.688	0.195
24.700	5.307	0.122
24.750	5.436	0.038
24.800	5.062	-0.050
24.850	4.217	-0.131
24.900	2.990	-0.205
24.950	1.496	-0.259
25.000	-0.125	-0.287
25.050	-1.745	-0.288
25.100	-3.196	-0.263
25.150	-4.364	-0.215
25.200	-5.138	-0.147
25.250	-5.441	-0.066
25.300	-5.237	0.022
25.350	-4.541	0.108
25.400	-3.425	0.185
25.450	-1.999	0.243
25.500	-0.395	0.279
25.550	1.244	0.290
25.600	2.777	0.274
25.650	4.057	0.234
25.700	4.966	0.170
25.750	5.410	0.092
25.800	5.359	0.007
25.850	4.808	-0.079
25.900	3.816	-0.160
25.950	2.474	-0.228
26.000	0.925	-0.269
26.050	-0.716	-0.286
26.100	-2.291	-0.280
26.150	-3.655	-0.248
26.200	-4.693	-0.192
26.250	-5.304	-0.116
26.300	-5.427	-0.033
26.350	-5.039	0.054
26.400	-4.183	0.137
26.450	-2.941	0.208
26.500	-1.437	0.260
26.550	0.197	0.286
26.600	1.817	0.288
26.650	3.273	0.262
26.700	4.433	0.212
26.750	5.182	0.143
26.800	5.450	0.062
26.850	5.217	-0.024
26.900	4.497	-0.110
26.950	3.365	-0.185
27.000	1.941	-0.245
27.050	0.335	-0.280
27.100	-1.300	-0.291
27.150	-2.812	-0.274
27.200	-4.073	-0.230
27.250	-4.966	-0.168
27.300	-5.407	-0.091
27.350	-5.345	-0.003
27.400	-4.781	0.084
27.450	-3.774	0.165
27.500	-2.424	0.229
27.550	-0.857	0.272
27.600	0.788	0.290
27.650	2.366	0.281
27.700	3.732	0.246
27.750	4.755	0.191
27.800	5.335	0.116
27.850	5.426	0.031
27.900	5.012	-0.057
27.950	4.137	-0.137
28.000	2.885	-0.210
28.050	1.369	-0.261
28.100	-0.263	-0.288
28.150	-1.862	-0.286
28.200	-3.301	-0.259
28.250	-4.441	-0.210
28.300	-5.181	-0.141
28.350	-5.443	-0.059
28.400	-5.198	0.030
28.450	-4.466	0.115
28.500	-3.323	0.190
28.550	-1.880	0.247
28.600	-0.267	0.283
28.650	1.371	0.290
28.700	2.892	0.272
28.750	4.146	0.230
28.800	5.018	0.166
28.850	5.425	0.087
28.900	5.334	0.000
28.950	4.744	-0.085
29.000	3.726	-0.162
29.050	2.361	-0.232
29.100	0.786	-0.274
29.150	-0.846	-0.290
29.200	-2.406	-0.280
29.250	-3.752	-0.246
29.300	-4.759	-0.188
29.350	-5.332	-0.112
29.400	-5.414	-0.028
29.450	-4.988	0.059
29.500	-4.098	0.143
29.550	-2.832	0.213
29.600	-1.310	0.263
29.650	0.329	0.289
29.700	1.942	0.287
29.750	3.380	0.260
29.800	4.508	0.209
29.850	5.221	0.139
29.900	5.447	0.057
29.950	5.174	-0.030
30.000	4.428	-0.115
30.050	3.265	-0.192
30.100	1.803	-0.249
30.150	0.203	-0.280
30.200	-1.424	-0.289
30.250	-2.923	-0.269
30.300	-4.158	-0.225
30.350	-5.018	-0.161
30.400	-5.421	-0.082
30.450	-5.318	0.005
30.500	-4.717	0.091
30.550	-3.680	0.171
30.600	-2.306	0.234
30.650	-0.726	0.275
30.700	0.920	0.290
30.750	2.487	0.281
30.800	3.829	0.245
30.850	4.820	0.186
30.900	5.360	0.112
30.950	5.409	0.025
31.000	4.964	-0.061
31.050	4.047	-0.143
31.100	2.759	-0.215
31.150	1.240	-0.263
31.200	-0.390	-0.287
31.250	-1.985	-0.283
31.300	-3.404	-0.255
31.350	-4.517	-0.204
31.400	-5.220	-0.134
31.450	-5.442	-0.051
31.500	-5.157	0.037
31.550	-4.390	0.121
31.600	-3.218	0.195
31.650	-1.752	0.250
31.700	-0.131	0.283
31.750	1.503	0.290
31.800	3.004	0.269
31.850	4.231	0.225
31.900	5.070	0.159
31.950	5.434	0.079
32.000	5.304	-0.007
32.050	4.676	-0.093
32.100	3.622	-0.172
32.150	2.243	-0.234
32.200	0.656	-0.274
32.250	-0.979	-0.291
32.300	-2.525	-0.278
32.350	-3.846	-0.241
32.400	-4.822	-0.181
32.450	-5.357	-0.106
32.500	-5.399	-0.021
32.550	-4.933	0.067
32.600	-4.008	0.148
32.650	-2.716	0.219
32.700	-1.179	0.266
32.750	0.463	0.289
32.800	2.066	0.284
32.850	3.484	0.256
32.900	4.583	0.205
32.950	5.255	0.132
33.000	5.457	0.051
33.050	5.134	-0.037
33.100	4.334	-0.121
33.150	3.152	-0.197
33.200	1.683	-0.253
33.250	0.068	-0.285
33.300	-1.552	-0.290
33.350	-3.034	-0.268
33.400	-4.243	-0.223
33.450	-5.069	-0.157
33.500	-5.432	-0.077
33.550	-5.288	0.011
33.600	-4.649	0.097
33.650	-3.579	0.177
33.700	-2.183	0.238
33.750	-0.591	0.276
33.800	1.052	0.291
33.850	2.603	0.279
33.900	3.922	0.241
33.950	4.879	0.179
34.000	5.391	0.105
34.050	5.392	0.018
34.100	4.891	-0.068
34.150	3.953	-0.150
34.200	2.650	-0.221
34.250	1.111	-0.268
34.300	-0.523	-0.289
34.350	-2.109	-0.284
34.400	-3.507	-0.255
34.450	-4.588	-0.202
34.500	-5.256	-0.128
34.550	-5.439	-0.045
34.600	-5.112	0.041
34.650	-4.308	0.126
34.700	-3.108	0.200
34.750	-1.624	0.254
34.800	0.001	0.285
34.850	1.628	0.289
34.900	3.112	0.267
34.950	4.311	0.220
35.000	5.127	0.156
35.050	5.445	0.075
35.100	5.264	-0.011
35.150	4.600	-0.099
35.200	3.521	-0.179
35.250	2.118	-0.239
35.300	0.527	-0.276
35.350	-1.107	-0.290
35.400	-2.642	-0.276
35.450	-3.939	-0.237
35.500	-4.881	-0.175
35.550	-5.380	-0.099
35.600	-5.380	-0.014
35.650	-4.873	0.074
35.700	-3.915	0.154
35.750	-2.598	0.223
35.800	-1.050	0.268
35.850	0.591	0.289
35.900	2.185	0.285
35.950	3.582	0.252
36.000	4.662	0.200
36.050	5.292	0.126
36.100	5.435	0.044
36.150	5.085	-0.045
36.200	4.259	-0.128
36.250	3.045	-0.202
36.300	1.558	-0.255
36.350	-0.062	-0.285
36.400	-1.677	-0.288
36.450	-3.143	-0.264
36.500	-4.324	-0.218
36.550	-5.116	-0.150
36.600	-5.439	-0.070
36.650	-5.254	0.018
36.700	-4.577	0.104
36.750	-3.476	0.183
36.800	-2.060	0.241
36.850	-0.462	0.278
36.900	1.179	0.291
36.950	2.717	0.277
37.000	4.021	0.237
37.050	4.938	0.175
37.100	5.396	0.097
37.150	5.371	0.011
37.200	4.840	-0.075
37.250	3.862	-0.155
37.300	2.534	-0.225
37.350	0.984	-0.269
37.400	-0.652	-0.289
37.450	-2.229	-0.283
37.500	-3.605	-0.251
37.550	-4.658	-0.196
37.600	-5.289	-0.123
37.650	-5.431	-0.039
37.700	-5.064	0.049
37.750	-4.225	0.133
37.800	-2.998	0.204
37.850	-1.499	0.257
37.900	0.131	0.288
37.950	1.755	0.289
38.000	3.225	0.265
38.050	4.391	0.216
38.100	5.158	0.148
38.150	5.447	0.068
38.200	5.236	-0.019
38.250	4.536	-0.105
38.300	3.419	-0.182
38.350	1.996	-0.244
38.400	0.398	-0.280
38.450	-1.234	-0.291
38.500	-2.753	-0.276
38.550	-4.027	-0.234
38.600	-4.938	-0.172
38.650	-5.399	-0.095
38.700	-5.357	-0.009
38.750	-4.813	0.079
38.800	-3.823	0.161
38.850	-2.484	0.227
38.900	-0.922	0.271
38.950	0.722	0.289
39.000	2.313	0.283
39.050	3.685	0.250
39.100	4.717	0.194
39.150	5.319	0.119
39.200	5.430	0.035
39.250	5.037	-0.053
39.300	4.177	-0.133
39.350	2.937	-0.208
39.400	1.434	-0.259
39.450	-0.193	-0.287
39.500	-1.800	-0.287
39.550	-3.248	-0.261
39.600	-4.402	-0.214
39.650	-5.159	-0.146
39.700	-5.443	-0.062
39.750	-5.217	0.025
39.800	-4.503	0.110
39.850	-3.375	0.187
39.900	-1.941	0.245
39.950	-0.333	0.280
40.000	1.312	0.292
40.050	2.837	0.275
40.100	4.096	0.232
40.150	4.991	0.169
40.200	5.411	0.090
40.250	5.354	0.005
40.300	4.778	-0.081
40.350	3.770	-0.163
40.400	2.420	-0.231
40.450	0.856	-0.272
40.500	-0.779	-0.289
40.550	-2.347	-0.281
40.600	-3.703	-0.248
40.650	-4.725	-0.190
40.700	-5.319	-0.115
40.750	-5.420	-0.032
40.800	-5.014	0.056
40.850	-4.139	0.139
40.900	-2.888	0.210
40.950	-1.374	0.260
41.000	0.265	0.288
41.050	1.881	0.289
41.100	3.324	0.262
41.150	4.470	0.212
41.200	5.202	0.142
41.250	5.451	0.061
41.300	5.198	-0.025
41.350	4.461	-0.112
41.400	3.317	-0.189
41.450	1.873	-0.246
41.500	0.269	-0.280
41.550	-1.360	-0.291
41.600	-2.868	-0.273
41.650	-4.115	-0.228
41.700	-4.993	-0.165
41.750	-5.414	-0.089
41.800	-5.332	-0.001
41.850	-4.749	0.087
41.900	-3.729	0.168
41.950	-2.366	0.232
42.000	-0.792	0.272
42.050	0.857	0.291
42.100	2.428	0.282
42.150	3.787	0.249
42.200	4.790	0.191
42.250	5.343	0.116
42.300	5.413	0.031
42.350	4.983	-0.057
42.400	4.090	-0.140
42.450	2.822	-0.213
42.500	1.308	-0.261
42.550	-0.323	-0.286
42.600	-1.923	-0.285
42.650	-3.353	-0.258
42.700	-4.479	-0.209
42.750	-5.200	-0.138
42.800	-5.444	-0.055
42.850	-5.177	0.032
42.900	-4.428	0.117
42.950	-3.271	0.193
43.000	-1.814	0.250
43.050	-0.198	0.283
43.100	1.436	0.291
43.150	2.947	0.272
43.200	4.189	0.228
43.250	5.046	0.164
43.300	5.431	0.083
43.350	5.320	-0.001
43.400	4.711	-0.087
43.450	3.669	-0.166
43.500	2.301	-0.236
43.550	0.726	-0.276
43.600	-0.910	-0.291
43.650	-2.465	-0.281
43.700	-3.800	-0.246
43.750	-4.790	-0.186
43.800	-5.346	-0.111
43.850	-5.406	-0.026
43.900	-4.961	0.062
43.950	-4.053	0.145
44.000	-2.773	0.216
44.050	-1.244	0.265
44.100	0.394	0.288
44.150	2.005	0.286
44.200	3.434	0.259
44.250	4.547	0.207
44.300	5.241	0.136
44.350	5.450	0.054
44.400	5.155	-0.033
44.450	4.382	-0.119
44.500	3.210	-0.194
44.550	1.748	-0.249
44.600	0.136	-0.282
44.650	-1.487	-0.290
44.700	-2.978	-0.269
44.750	-4.200	-0.223
44.800	-5.045	-0.159
44.850	-5.426	-0.082
44.900	-5.304	0.007
44.950	-4.683	0.094
45.000	-3.630	0.174
45.050	-2.246	0.236
45.100	-0.659	0.275
45.150	0.988	0.291
45.200	2.548	0.279
45.250	3.872	0.242
45.300	4.854	0.184
45.350	5.375	0.109
45.400	5.404	0.023
45.450	4.927	-0.065
45.500	4.002	-0.145
45.550	2.710	-0.217
45.600	1.176	-0.266
45.650	-0.455	-0.289
45.700	-2.047	-0.284
45.750	-3.455	-0.256
45.800	-4.552	-0.204
45.850	-5.238	-0.133
45.900	-5.441	-0.048
45.950	-5.135	0.038
46.000	-4.350	0.124
46.050	-3.163	0.198
46.100	-1.691	0.253
46.150	-0.065	0.284
46.200	1.567	0.290
46.250	3.060	0.269
46.300	4.274	0.224
46.350	5.096	0.158
46.400	5.442	0.077
46.450	5.289	-0.008
46.500	4.644	-0.093
46.550	3.572	-0.172
46.600	2.176	-0.239
46.650	0.595	-0.276
46.700	-1.040	-0.290
46.750	-2.582	-0.279
46.800	-3.892	-0.241
46.850	-4.851	-0.180
46.900	-5.369	-0.103
46.950	-5.390	-0.019
47.000	-4.905	0.069
47.050	-3.963	0.151
47.100	-2.657	0.221
47.150	-1.111	0.268
47.200	0.532	0.290
47.250	2.125	0.286
47.300	3.534	0.256
47.350	4.620	0.202
47.400	5.277	0.131
47.450	5.445	0.047
47.500	5.113	-0.040
47.550	4.303	-0.124
47.600	3.101	-0.198
47.650	1.622	-0.255
47.700	0.003	-0.286
47.750	-1.614	-0.290
47.800	-3.087	-0.266
47.850	-4.283	-0.221
47.900	-5.093	-0.155
47.950	-5.435	-0.075
48.000	-5.272	0.014
48.050	-4.614	0.101
48.100	-3.529	0.179
48.150	-2.122	0.238
48.200	-0.524	0.277
48.250	1.119	0.291
48.300	2.664	0.278
48.350	3.970	0.239
48.400	4.911	0.179
48.450	5.393	0.100
48.500	5.386	0.014
48.550	4.872	-0.071
48.600	3.909	-0.149
48.650	2.594	-0.222
48.700	1.047	-0.268
48.750	-0.587	-0.289
48.800	-2.169	-0.282
48.850	-3.557	-0.254
48.900	-4.624	-0.199
48.950	-5.272	-0.126
49.000	-5.436	-0.041
49.050	-5.089	0.046
49.100	-4.268	0.129
49.150	-3.054	0.203
49.200	-1.560	0.256
49.250	0.070	0.286
49.300	1.694	0.290
49.350	3.169	0.267
49.400	4.357	0.220
49.450	5.143	0.152
49.500	5.450	0.072
49.550	5.256	-0.014
49.600	4.573	-0.101
49.650	3.472	-0.179
49.700	2.056	-0.241
49.750	0.462	-0.278
49.800	-1.170	-0.290
49.850	-2.698	-0.276
49.900	-3.983	-0.236
49.950	-4.911	-0.173
50.000	-5.390	-0.097
50.050	-5.369	-0.012
50.100	-4.844	0.076
50.150	-3.870	0.157
50.200	-2.539	0.225
50.250	-0.985	0.269
50.300	0.664	0.290
50.350	2.252	0.284
50.400	3.638	0.252
50.450	4.690	0.198
50.500	5.312	0.125
50.550	5.440	0.040
50.600	5.064	-0.048
50.650	4.220	-0.129
50.700	2.991	-0.202
50.750	1.496	-0.258
50.800	-0.127	-0.287
50.850	-1.739	-0.288
50.900	-3.196	-0.264
50.950	-4.364	-0.216
51.000	-5.137	-0.149
51.050	-5.441	-0.067
51.100	-5.237	0.020
51.150	-4.541	0.106
51.200	-3.426	0.184
51.250	-1.998	0.243
51.300	-0.393	0.282
51.350	1.248	0.292
51.400	2.780	0.277
51.450	4.059	0.237
51.500	4.971	0.174
51.550	5.414	0.096
51.600	5.364	0.011
51.650	4.812	-0.075
51.700	3.817	-0.158
51.750	2.477	-0.229
51.800	0.919	-0.271
51.850	-0.717	-0.289
51.900	-2.289	-0.283
51.950	-3.656	-0.252
52.000	-4.692	-0.193
52.050	-5.304	-0.118
52.100	-5.426	-0.036
52.150	-5.040	0.050
52.200	-4.182	0.135
52.250	-2.941	0.208
52.300	-1.433	0.259
52.350	0.202	0.287
52.400	1.821	0.289
52.450	3.277	0.264
52.500	4.437	0.214
52.550	5.187	0.146
52.600	5.454	0.065
52.650	5.220	-0.022
52.700	4.500	-0.109
52.750	3.369	-0.186
52.800	1.933	-0.243
52.850	0.331	-0.280
52.900	-1.298	-0.291
52.950	-2.812	-0.274
53.000	-4.070	-0.230
53.050	-4.966	-0.167
53.100	-5.406	-0.092
53.150	-5.345	-0.005
53.200	-4.781	0.083
53.250	-3.775	0.165
53.300	-2.422	0.230
53.350	-0.852	0.271
53.400	0.794	0.293
53.450	2.368	0.284
53.500	3.737	0.251
53.550	4.758	0.193
53.600	5.339	0.120
53.650	5.428	0.036
53.700	5.013	-0.053
53.750	4.135	-0.137
53.800	2.881	-0.208
53.850	1.368	-0.260
53.900	-0.260	-0.286
53.950	-1.865	-0.286
54.000	-3.301	-0.259
54.050	-4.441	-0.211
54.100	-5.180	-0.141
54.150	-5.444	-0.058
54.200	-5.198	0.030
54.250	-4.466	0.114
54.300	-3.321	0.189
54.350	-1.875	0.247
54.400	-0.262	0.283
54.450	1.376	0.291
54.500	2.894	0.274
54.550	4.148	0.230
54.600	5.023	0.167
54.650	5.427	0.088
54.700	5.336	0.002
54.750	4.746	-0.083
54.800	3.722	-0.165
54.850	2.358	-0.231
54.900	0.789	-0.272
54.950	-0.847	-0.289
55.000	-2.406	-0.281
55.050	-3.751	-0.245
55.100	-4.759	-0.188
55.150	-5.333	-0.113
55.200	-5.414	-0.029
55.250	-4.988	0.059
55.300	-4.096	0.141
55.350	-2.827	0.213
55.400	-1.306	0.262
55.450	0.332	0.288
55.500	1.944	0.287
55.550	3.382	0.261
55.600	4.512	0.211
55.650	5.225	0.140
55.700	5.452	0.058
55.750	5.179	-0.029
55.800	4.424	-0.113
55.850	3.263	-0.189
55.900	1.811	-0.249
55.950	0.199	-0.283
56.000	-1.423	-0.291
56.050	-2.924	-0.272
56.100	-4.160	-0.228
56.150	-5.020	-0.164
56.200	-5.421	-0.086
56.250	-5.319	0.001
56.300	-4.716	0.090
56.350	-3.677	0.170
56.400	-2.303	0.232
56.450	-0.722	0.273
56.500	0.924	0.292
56.550	2.489	0.282
56.600	3.831	0.245
56.650	4.821	0.186
56.700	5.364	0.112
56.750	5.414	0.027
56.800	4.958	-0.061
56.850	4.047	-0.141
56.900	2.768	-0.216
56.950	1.238	-0.265
57.000	-0.387	-0.288
57.050	-1.986	-0.285
57.100	-3.407	-0.258
57.150	-4.517	-0.208
57.200	-5.219	-0.137
57.250	-5.443	-0.053
57.300	-5.157	0.033
57.350	-4.388	0.119
57.400	-3.214	0.195
57.450	-1.750	0.251
57.500	-0.129	0.285
57.550	1.504	0.293
57.600	3.005	0.273
57.650	4.233	0.229
57.700	5.073	0.163
57.750	5.437	0.084
57.800	5.306	-0.001
57.850	4.678	-0.088
57.900	3.622	-0.172
57.950	2.238	-0.235
58.000	0.662	-0.273
58.050	-0.977	-0.288
58.100	-2.527	-0.278
58.150	-3.847	-0.242
58.200	-4.822	-0.182
58.250	-5.358	-0.106
58.300	-5.399	-0.022
58.350	-4.933	0.066
58.400	-4.007	0.148
58.450	-2.715	0.218
58.500	-1.177	0.266
58.550	0.463	0.290
58.600	2.066	0.287
58.650	3.485	0.257
58.700	4.584	0.205
58.750	5.260	0.135
58.800	5.449	0.052
58.850	5.134	-0.036
58.900	4.342	-0.122
58.950	3.152	-0.195
59.000	1.690	-0.249
59.050	0.069	-0.281
59.100	-1.556	-0.289
59.150	-3.034	-0.268
59.200	-4.243	-0.221
59.250	-5.070	-0.157
59.300	-5.432	-0.078
59.350	-5.288	0.009
59.400	-4.648	0.097
59.450	-3.579	0.175
59.500	-2.182	0.236
59.550	-0.591	0.277
59.600	1.052	0.292
59.650	2.605	0.279
59.700	3.924	0.241
59.750	4.881	0.182
59.800	5.383	0.106
59.850	5.394	0.019
59.900	4.900	-0.068
59.950	3.958	-0.145
60.000	2.654	-0.215
60.050	1.109	-0.269
60.100	-0.525	-0.291
60.150	-2.110	-0.286
60.200	-3.507	-0.257
60.250	-4.590	-0.205
60.300	-5.256	-0.133
60.350	-5.439	-0.048
60.400	-5.112	0.040
60.450	-4.308	0.126
60.500	-3.107	0.198
60.550	-1.624	0.255
60.600	0.002	0.286
60.650	1.629	0.289
60.700	3.114	0.268
60.750	4.314	0.223
60.800	5.119	0.155
60.850	5.445	0.076
60.900	5.272	-0.012
60.950	4.608	-0.098
61.000	3.527	-0.177
61.050	2.117	-0.238
61.100	0.523	-0.276
61.150	-1.108	-0.289
61.200	-2.641	-0.277
61.250	-3.939	-0.238
61.300	-4.881	-0.176
61.350	-5.380	-0.101
61.400	-5.380	-0.015
61.450	-4.875	0.072
61.500	-3.915	0.153
61.550	-2.598	0.223
61.600	-1.048	0.269
61.650	0.594	0.290
61.700	2.188	0.285
61.750	3.586	0.255
61.800	4.655	0.203
61.850	5.293	0.130
61.900	5.442	0.046
61.950	5.083	-0.043
62.000	4.269	-0.125
62.050	3.047	-0.199
62.100	1.550	-0.254
62.150	-0.065	-0.285
62.200	-1.678	-0.287
62.250	-3.143	-0.264
62.300	-4.324	-0.218
62.350	-5.116	-0.152
62.400	-5.438	-0.070
62.450	-5.255	0.017
62.500	-4.578	0.103
62.550	-3.477	0.181
62.600	-2.060	0.242
62.650	-0.460	0.279
62.700	1.182	0.291
62.750	2.721	0.278
62.800	4.014	0.238
62.850	4.939	0.176
62.900	5.404	0.099
62.950	5.371	0.013
63.000	4.847	-0.072
63.050	3.860	-0.152
63.100	2.530	-0.223
63.150	0.980	-0.271
63.200	-0.654	-0.290
63.250	-2.230	-0.284
63.300	-3.607	-0.255
63.350	-4.659	-0.198
63.400	-5.289	-0.124
63.450	-5.432	-0.041
63.500	-5.065	0.046
63.550	-4.225	0.132
63.600	-2.997	0.204
63.650	-1.498	0.258
63.700	0.133	0.287
63.750	1.755	0.289
63.800	3.223	0.266
63.850	4.395	0.218
63.900	5.163	0.150
63.950	5.449	0.069
64.000	5.245	-0.016
64.050	4.533	-0.103
64.100	3.414	-0.181
64.150	1.993	-0.243
64.200	0.395	-0.279
64.250	-1.236	-0.290
64.300	-2.756	-0.274
64.350	-4.029	-0.234
64.400	-4.939	-0.172
64.450	-5.399	-0.095
64.500	-5.358	-0.009
64.550	-4.813	0.078
64.600	-3.823	0.160
64.650	-2.481	0.227
64.700	-0.917	0.273
64.750	0.725	0.291
64.800	2.309	0.284
64.850	3.684	0.252
64.900	4.723	0.197
64.950	5.324	0.124
65.000	5.438	0.040
65.050	5.034	-0.049
65.100	4.172	-0.133
65.150	2.933	-0.206
65.200	1.431	-0.258
65.250	-0.196	-0.286
65.300	-1.803	-0.286
65.350	-3.250	-0.260
65.400	-4.404	-0.214
65.450	-5.159	-0.146
65.500	-5.443	-0.063
65.550	-5.218	0.025
65.600	-4.504	0.109
65.650	-3.374	0.185
65.700	-1.937	0.245
65.750	-0.328	0.281
65.800	1.311	0.291
65.850	2.835	0.276
65.900	4.103	0.235
65.950	4.994	0.171
66.000	5.426	0.094
66.050	5.346	0.008
66.100	4.772	-0.077
66.150	3.766	-0.161
66.200	2.415	-0.229
66.250	0.852	-0.270
66.300	-0.784	-0.288
66.350	-2.350	-0.281
66.400	-3.705	-0.248
66.450	-4.727	-0.192
66.500	-5.318	-0.115
66.550	-5.421	-0.033
66.600	-5.014	0.054
66.650	-4.139	0.138
66.700	-2.885	0.210
66.750	-1.371	0.261
66.800	0.266	0.287
66.850	1.880	0.288
66.900	3.328	0.262
66.950	4.473	0.213
67.000	5.203	0.142
67.050	5.452	0.062
67.100	5.196	-0.025
67.150	4.469	-0.110
67.200	3.314	-0.186
67.250	1.865	-0.245
67.300	0.263	-0.279
67.350	-1.363	-0.290
67.400	-2.869	-0.272
67.450	-4.118	-0.230
67.500	-4.993	-0.165
67.550	-5.415	-0.088
67.600	-5.332	-0.002
67.650	-4.749	0.086
67.700	-3.726	0.167
67.750	-2.363	0.232
67.800	-0.788	0.273
67.850	0.856	0.291
67.900	2.428	0.283
67.950	3.780	0.247
68.000	4.796	0.191
68.050	5.348	0.117
68.100	5.411	0.030
68.150	4.985	-0.058
68.200	4.091	-0.138
68.250	2.822	-0.212
68.300	1.303	-0.262
68.350	-0.327	-0.289
68.400	-1.926	-0.287
68.450	-3.354	-0.260
68.500	-4.479	-0.211
68.550	-5.201	-0.141
68.600	-5.444	-0.058
68.650	-5.179	0.031
68.700	-4.427	0.116
68.750	-3.268	0.192
68.800	-1.813	0.247
68.850	-0.198	0.283
68.900	1.439	0.291
68.950	2.946	0.272
69.000	4.197	0.230
69.050	5.045	0.165
69.100	5.427	0.086
69.150	5.319	-0.000
69.200	4.707	-0.087
69.250	3.668	-0.166
69.300	2.302	-0.233
69.350	0.723	-0.273
69.400	-0.913	-0.289
69.450	-2.468	-0.280
69.500	-3.799	-0.245
69.550	-4.791	-0.186
69.600	-5.346	-0.111
69.650	-5.407	-0.026
69.700	-4.960	0.061
69.750	-4.053	0.144
69.800	-2.771	0.215
69.850	-1.242	0.264
69.900	0.396	0.289
69.950	2.002	0.287
70.000	3.439	0.260
70.050	4.547	0.208
70.100	5.235	0.138
70.150	5.449	0.056
70.200	5.155	-0.032
70.250	4.381	-0.117
70.300	3.208	-0.193
70.350	1.747	-0.249
70.400	0.130	-0.283
70.450	-1.489	-0.291
70.500	-2.979	-0.269
70.550	-4.202	-0.225
70.600	-5.044	-0.161
70.650	-5.427	-0.083
70.700	-5.304	0.005
70.750	-4.683	0.093
70.800	-3.628	0.173
70.850	-2.242	0.234
70.900	-0.657	0.274
70.950	0.985	0.291
71.000	2.552	0.281
71.050	3.878	0.244
71.100	4.843	0.185
71.150	5.372	0.110
71.200	5.402	0.023
71.250	4.928	-0.064
71.300	3.999	-0.143
71.350	2.708	-0.215
71.400	1.177	-0.267
71.450	-0.459	-0.289
71.500	-2.048	-0.285
71.550	-3.457	-0.257
71.600	-4.553	-0.206
71.650	-5.238	-0.134
71.700	-5.441	-0.050
71.750	-5.135	0.037
71.800	-4.348	0.121
71.850	-3.161	0.196
71.900	-1.688	0.251
71.950	-0.067	0.285
72.000	1.571	0.292
72.050	3.060	0.271
72.100	4.268	0.224
72.150	5.094	0.157
72.200	5.441	0.079
72.250	5.289	-0.007
72.300	4.643	-0.093
72.350	3.571	-0.174
72.400	2.176	-0.237
72.450	0.591	-0.275
72.500	-1.041	-0.290
72.550	-2.584	-0.280
72.600	-3.893	-0.241
72.650	-4.852	-0.180
72.700	-5.369	-0.104
72.750	-5.389	-0.020
72.800	-4.903	0.067
72.850	-3.962	0.151
72.900	-2.656	0.220
72.950	-1.112	0.266
73.000	0.531	0.291
73.050	2.126	0.289
73.100	3.528	0.257
73.150	4.619	0.205
73.200	5.277	0.134
73.250	5.445	0.051
73.300	5.111	-0.038
73.350	4.302	-0.121
73.400	3.099	-0.198
73.450	1.620	-0.254
73.500	0.003	-0.286
73.550	-1.614	-0.290
73.600	-3.088	-0.266
73.650	-4.284	-0.221
73.700	-5.093	-0.157
73.750	-5.435	-0.076
73.800	-5.271	0.014
73.850	-4.613	0.099
73.900	-3.527	0.177
73.950	-2.121	0.238
74.000	-0.524	0.279
74.050	1.117	0.292
74.100	2.658	0.277
74.150	3.967	0.240
74.200	4.908	0.179
74.250	5.395	0.101
74.300	5.384	0.016
74.350	4.870	-0.070
74.400	3.909	-0.150
74.450	2.592	-0.223
74.500	1.048	-0.268
74.550	-0.588	-0.288
74.600	-2.169	-0.284
74.650	-3.557	-0.254
74.700	-4.625	-0.201
74.750	-5.273	-0.127
74.800	-5.435	-0.043
74.850	-5.089	0.043
74.900	-4.266	0.127
74.950	-3.051	0.202
75.000	-1.560	0.257
75.050	0.065	0.287
75.100	1.689	0.290
75.150	3.167	0.267
75.200	4.355	0.222
75.250	5.141	0.153
75.300	5.447	0.074
75.350	5.255	-0.013
75.400	4.572	-0.100
75.450	3.464	-0.180
75.500	2.059	-0.239
75.550	0.462	-0.277
75.600	-1.170	-0.290
75.650	-2.698	-0.276
75.700	-3.983	-0.234
75.750	-4.911	-0.173
75.800	-5.390	-0.098
75.850	-5.369	-0.013
75.900	-4.844	0.076
75.950	-3.869	0.156
76.000	-2.539	0.224
76.050	-0.983	0.269
76.100	0.658	0.290
76.150	2.245	0.284
76.200	3.634	0.253
76.250	4.689	0.198
76.300	5.308	0.125
76.350	5.438	0.041
76.400	5.062	-0.047
76.450	4.218	-0.128
76.500	2.992	-0.203
76.550	1.494	-0.257
76.600	-0.130	-0.287
76.650	-1.740	-0.288
76.700	-3.196	-0.264
76.750	-4.363	-0.217
76.800	-5.138	-0.151
76.850	-5.441	-0.069
76.900	-5.237	0.019
76.950	-4.541	0.105
77.000	-3.425	0.183
77.050	-1.998	0.243
77.100	-0.396	0.280
77.150	1.246	0.292
77.200	2.782	0.277
77.250	4.059	0.237
77.300	4.962	0.173
77.350	5.410	0.095
77.400	5.360	0.010
77.450	4.807	-0.076
77.500	3.817	-0.156
77.550	2.476	-0.226
77.600	0.918	-0.271
77.650	-0.719	-0.289
77.700	-2.289	-0.283
77.750	-3.656	-0.251
77.800	-4.692	-0.194
77.850	-5.305	-0.121
77.900	-5.427	-0.037
77.950	-5.040	0.050
78.000	-4.182	0.136
78.050	-2.940	0.208
78.100	-1.437	0.258
78.150	0.198	0.287
78.200	1.818	0.289
78.250	3.276	0.264
78.300	4.434	0.214
78.350	5.184	0.147
78.400	5.451	0.066
78.450	5.217	-0.022
78.500	4.499	-0.107
78.550	3.367	-0.184
78.600	1.934	-0.244
78.650	0.330	-0.279
78.700	-1.299	-0.291
78.750	-2.812	-0.273
78.800	-4.072	-0.231
78.850	-4.966	-0.169
78.900	-5.407	-0.093
78.950	-5.345	-0.006
79.000	-4.782	0.083
79.050	-3.774	0.164
79.100	-2.424	0.229
79.150	-0.854	0.271
79.200	0.789	0.290
79.250	2.369	0.283
79.300	3.734	0.250
79.350	4.755	0.192
79.400	5.336	0.119
79.450	5.425	0.034
79.500	5.013	-0.053
79.550	4.133	-0.134
79.600	2.879	-0.208
79.650	1.369	-0.261
79.700	-0.261	-0.288
79.750	-1.864	-0.287
79.800	-3.301	-0.261
79.850	-4.441	-0.212
79.900	-5.181	-0.143
79.950	-5.444	-0.062
80.000	-5.198	0.027
80.050	-4.465	0.113
80.100	-3.322	0.189
80.150	-1.874	0.245
80.200	-0.264	0.282
80.250	1.375	0.292
80.300	2.892	0.274
80.350	4.147	0.232
80.400	5.020	0.167
80.450	5.421	0.090
80.500	5.339	0.004
80.550	4.746	-0.081
80.600	3.720	-0.162
80.650	2.358	-0.232
80.700	0.789	-0.273
80.750	-0.849	-0.291
80.800	-2.408	-0.282
80.850	-3.752	-0.247
80.900	-4.759	-0.190
80.950	-5.333	-0.115
81.000	-5.414	-0.031
81.050	-4.987	0.058
81.100	-4.097	0.141
81.150	-2.828	0.212
81.200	-1.306	0.262
81.250	0.330	0.288
81.300	1.941	0.287
81.350	3.381	0.262
81.400	4.510	0.211
81.450	5.221	0.141
81.500	5.454	0.060
81.550	5.179	-0.028
81.600	4.421	-0.113
81.650	3.262	-0.189
81.700	1.809	-0.248
81.750	0.200	-0.282
81.800	-1.426	-0.292
81.850	-2.924	-0.271
81.900	-4.159	-0.227
81.950	-5.019	-0.164
82.000	-5.421	-0.086
82.050	-5.318	0.001
82.100	-4.716	0.089
82.150	-3.676	0.172
82.200	-2.304	0.233
82.250	-0.724	0.274
82.300	0.920	0.291
82.350	2.486	0.282
82.400	3.829	0.246
82.450	4.818	0.188
82.500	5.363	0.114
82.550	5.413	0.028
82.600	4.957	-0.059
82.650	4.045	-0.141
82.700	2.765	-0.215
82.750	1.241	-0.263
82.800	-0.392	-0.287
82.850	-1.987	-0.285
82.900	-3.406	-0.259
82.950	-4.516	-0.208
83.000	-5.219	-0.136
83.050	-5.443	-0.053
83.100	-5.158	0.033
83.150	-4.388	0.118
83.200	-3.214	0.193
83.250	-1.750	0.249
83.300	-0.132	0.283
83.350	1.501	0.290
83.400	3.003	0.270
83.450	4.230	0.227
83.500	5.073	0.163
83.550	5.437	0.084
83.600	5.305	-0.004
83.650	4.677	-0.090
83.700	3.621	-0.169
83.750	2.238	-0.235
83.800	0.657	-0.275
83.850	-0.978	-0.291
83.900	-2.526	-0.279
83.950	-3.847	-0.242
84.000	-4.820	-0.183
84.050	-5.358	-0.107
84.100	-5.398	-0.022
84.150	-4.932	0.064
84.200	-4.006	0.146
84.250	-2.713	0.218
84.300	-1.178	0.266
84.350	0.462	0.289
84.400	2.066	0.286
84.450	3.484	0.259
84.500	4.585	0.208
84.550	5.260	0.136
84.600	5.448	0.052
84.650	5.133	-0.034
84.700	4.343	-0.118
84.750	3.155	-0.196
84.800	1.684	-0.251
84.850	0.068	-0.283
84.900	-1.553	-0.288
84.950	-3.034	-0.267
85.000	-4.241	-0.222
85.050	-5.069	-0.158
85.100	-5.432	-0.078
85.150	-5.287	0.010
85.200	-4.647	0.095
85.250	-3.578	0.175
85.300	-2.182	0.237
85.350	-0.592	0.276
85.400	1.051	0.292
85.450	2.605	0.279
85.500	3.922	0.242
85.550	4.883	0.182
85.600	5.385	0.106
85.650	5.394	0.020
85.700	4.901	-0.066
85.750	3.956	-0.146
85.800	2.650	-0.218
85.850	1.111	-0.266
85.900	-0.523	-0.287
85.950	-2.109	-0.283
86.000	-3.507	-0.254
86.050	-4.589	-0.202
86.100	-5.256	-0.129
86.150	-5.439	-0.046
86.200	-5.112	0.041
86.250	-4.307	0.125
86.300	-3.107	0.199
86.350	-1.624	0.254
86.400	0.002	0.285
86.450	1.628	0.289
86.500	3.115	0.269
86.550	4.315	0.224
86.600	5.119	0.157
86.650	5.446	0.075
86.700	5.273	-0.010
86.750	4.608	-0.096
86.800	3.521	-0.174
86.850	2.117	-0.238
86.900	0.527	-0.277
86.950	-1.106	-0.291
87.000	-2.638	-0.278
87.050	-3.938	-0.239
87.100	-4.882	-0.179
87.150	-5.380	-0.102
87.200	-5.380	-0.018
87.250	-4.874	0.070
87.300	-3.915	0.155
87.350	-2.598	0.222
87.400	-1.047	0.269
87.450	0.594	0.289
87.500	2.188	0.287
87.550	3.585	0.256
87.600	4.655	0.201
87.650	5.293	0.130
87.700	5.442	0.047
87.750	5.087	-0.042
87.800	4.261	-0.125
87.850	3.045	-0.200
87.900	1.559	-0.254
87.950	-0.065	-0.288
88.000	-1.675	-0.293
88.050	-3.142	-0.270
88.100	-4.326	-0.223
88.150	-5.116	-0.154
88.200	-5.439	-0.073
88.250	-5.254	0.017
88.300	-4.578	0.105
88.350	-3.477	0.185
88.400	-2.060	0.242
88.450	-0.460	0.275
88.500	1.181	0.292
88.550	2.722	0.284
88.600	4.015	0.242
88.650	4.940	0.175
88.700	5.404	0.100
88.750	5.374	0.018
88.800	4.840	-0.070
88.850	3.863	-0.158
88.900	2.535	-0.226
88.950	0.985	-0.266
89.000	-0.650	-0.285
89.050	-2.230	-0.283
89.100	-3.608	-0.254
89.150	-4.660	-0.195
89.200	-5.289	-0.121
89.250	-5.431	-0.042
89.300	-5.065	0.045
89.350	-4.224	0.134
89.400	-2.996	0.208
89.450	-1.498	0.254
89.500	0.134	0.284
89.550	1.755	0.293
89.600	3.222	0.269
89.650	4.396	0.216
89.700	5.163	0.151
89.750	5.451	0.073
89.800	5.237	-0.014
89.850	4.535	-0.106
89.900	3.419	-0.182
89.950	1.994	-0.237
90.000	0.399	-0.276
90.050	-1.234	-0.292
90.100	-2.756	-0.276
90.150	-4.030	-0.232
90.200	-4.939	-0.171
90.250	-5.398	-0.098
90.300	-5.357	-0.010
90.350	-4.813	0.080
90.400	-3.822	0.162
90.450	-2.481	0.225
90.500	-0.919	0.268
90.550	0.728	0.293
90.600	2.309	0.286
90.650	3.685	0.252
90.700	4.723	0.199
90.750	5.324	0.126
90.800	5.434	0.040
90.850	5.038	-0.048
90.900	4.176	-0.131
90.950	2.935	-0.202
91.000	1.430	-0.259
91.050	-0.190	-0.287
91.100	-1.801	-0.286
91.150	-3.251	-0.262
91.200	-4.404	-0.215
91.250	-5.160	-0.149
91.300	-5.443	-0.065
91.350	-5.217	0.024
91.400	-4.503	0.109
91.450	-3.374	0.185
91.500	-1.936	0.246
91.550	-0.327	0.282
91.600	1.311	0.293
91.650	2.836	0.277
91.700	4.103	0.236
91.750	4.995	0.173
91.800	5.420	0.093
91.850	5.349	0.010
91.900	4.778	-0.077
91.950	3.767	-0.162
92.000	2.422	-0.227
92.050	0.854	-0.269
92.100	-0.787	-0.287
92.150	-2.350	-0.281
92.200	-3.705	-0.249
92.250	-4.726	-0.192
92.300	-5.319	-0.116
92.350	-5.421	-0.034
92.400	-5.014	0.053
92.450	-4.140	0.137
92.500	-2.884	0.211
92.550	-1.369	0.260
92.600	0.266	0.286
92.650	1.881	0.288
92.700	3.329	0.265
92.750	4.473	0.214
92.800	5.204	0.144
92.850	5.452	0.063
92.900	5.198	-0.022
92.950	4.458	-0.109
93.000	3.322	-0.187
93.050	1.872	-0.243
93.100	0.261	-0.279
93.150	-1.364	-0.290
93.200	-2.869	-0.273
93.250	-4.116	-0.230
93.300	-4.993	-0.166
93.350	-5.414	-0.089
93.400	-5.332	-0.003
93.450	-4.749	0.085
93.500	-3.727	0.167
93.550	-2.362	0.230
93.600	-0.786	0.272
93.650	0.858	0.291
93.700	2.428	0.285
93.750	3.783	0.250
93.800	4.788	0.192
93.850	5.351	0.117
93.900	5.420	0.034
93.950	4.988	-0.054
94.000	4.094	-0.139
94.050	2.818	-0.211
94.100	1.301	-0.260
94.150	-0.327	-0.287
94.200	-1.926	-0.285
94.250	-3.353	-0.258
94.300	-4.479	-0.209
94.350	-5.201	-0.140
94.400	-5.444	-0.058
94.450	-5.178	0.030
94.500	-4.429	0.116
94.550	-3.269	0.191
94.600	-1.812	0.247
94.650	-0.195	0.283
94.700	1.439	0.293
94.750	2.949	0.275
94.800	4.190	0.230
94.850	5.046	0.166
94.900	5.432	0.088
94.950	5.322	0.002
95.000	4.718	-0.083
95.050	3.668	-0.167
95.100	2.293	-0.231
95.150	0.722	-0.272
95.200	-0.913	-0.288
95.250	-2.466	-0.279
95.300	-3.801	-0.245
95.350	-4.791	-0.185
95.400	-5.346	-0.111
95.450	-5.407	-0.027
95.500	-4.961	0.061
95.550	-4.052	0.143
95.600	-2.772	0.213
95.650	-1.241	0.263
95.700	0.399	0.290
95.750	2.006	0.288
95.800	3.434	0.262
95.850	4.548	0.209
95.900	5.242	0.139
95.950	5.450	0.059
96.000	5.157	-0.029
96.050	4.388	-0.115
96.100	3.206	-0.192
96.150	1.744	-0.247
96.200	0.133	-0.283
96.250	-1.489	-0.291
96.300	-2.979	-0.270
96.350	-4.200	-0.224
96.400	-5.045	-0.161
96.450	-5.427	-0.084
96.500	-5.305	0.005
96.550	-4.684	0.093
96.600	-3.629	0.173
96.650	-2.243	0.234
96.700	-0.656	0.275
96.750	0.989	0.292
96.800	2.548	0.282
96.850	3.878	0.247
96.900	4.852	0.187
96.950	5.373	0.111
97.000	5.412	0.027
97.050	4.930	-0.059
97.100	3.994	-0.145
97.150	2.706	-0.215
97.200	1.175	-0.264
97.250	-0.455	-0.287
97.300	-2.048	-0.283
97.350	-3.457	-0.256
97.400	-4.553	-0.206
97.450	-5.238	-0.133
97.500	-5.442	-0.049
97.550	-5.135	0.038
97.600	-4.350	0.121
97.650	-3.163	0.198
97.700	-1.688	0.253
97.750	-0.064	0.284
97.800	1.568	0.290
97.850	3.061	0.271
97.900	4.276	0.226
97.950	5.097	0.158
98.000	5.449	0.081
98.050	5.286	-0.004
98.100	4.640	-0.091
98.150	3.570	-0.173
98.200	2.177	-0.238
98.250	0.593	-0.274
98.300	-1.041	-0.290
98.350	-2.582	-0.280
98.400	-3.893	-0.242
98.450	-4.852	-0.180
98.500	-5.370	-0.104
98.550	-5.389	-0.022
98.600	-4.904	0.066
98.650	-3.963	0.153
98.700	-2.659	0.220
98.750	-1.113	0.265
98.800	0.532	0.291
98.850	2.129	0.287
98.900	3.536	0.258
98.950	4.625	0.205
99.000	5.281	0.134
99.050	5.440	0.050
99.100	5.109	-0.038
99.150	4.300	-0.122
99.200	3.101	-0.197
99.250	1.621	-0.251
99.300	0.003	-0.284
99.350	-1.613	-0.291
99.400	-3.088	-0.267
99.450	-4.284	-0.221
99.500	-5.093	-0.157
99.550	-5.436	-0.077
99.600	-5.272	0.013
99.650	-4.614	0.100
99.700	-3.530	0.178
99.750	-2.124	0.237
99.800	-0.527	0.277
99.850	1.119	0.293
99.900	2.666	0.280
99.950	3.969	0.239
100.000	4.918	0.182
100.050	5.394	0.103
100.100	5.379	0.017
100.150	4.869	-0.068
100.200	3.910	-0.148
100.250	2.594	-0.222
100.300	1.048	-0.269
100.350	-0.585	-0.289
100.400	-2.168	-0.282
