0.000	2.879	0.152
0.050	4.145	0.167
0.100	5.024	0.166
0.150	5.425	0.151
0.200	5.315	0.119
0.250	4.712	0.077
0.300	3.644	0.028
0.350	2.248	-0.026
0.400	0.656	-0.078
0.450	-0.996	-0.120
0.500	-2.555	-0.153
0.550	-3.882	-0.171
0.600	-4.852	-0.175
0.650	-5.370	-0.161
0.700	-5.378	-0.133
0.750	-4.869	-0.093
0.800	-3.899	-0.045
0.850	-2.563	0.008
0.900	-0.994	0.060
0.950	0.664	0.106
1.000	2.268	0.140
1.050	3.663	0.162
1.100	4.714	0.169
1.150	5.321	0.158
1.200	5.423	0.133
1.250	5.024	0.096
1.300	4.132	0.049
1.350	2.858	-0.004
1.400	1.331	-0.056
1.450	-0.313	-0.103
1.500	-1.930	-0.140
1.550	-3.371	-0.165
1.600	-4.501	-0.174
1.650	-5.215	-0.167
1.700	-5.438	-0.145
1.750	-5.139	-0.111
1.800	-4.351	-0.065
1.850	-3.152	-0.013
1.900	-1.663	0.038
1.950	-0.021	0.086
2.000	1.626	0.126
2.050	3.122	0.153
2.100	4.329	0.167
2.150	5.132	0.165
2.200	5.442	0.144
2.250	5.243	0.111
2.300	4.546	0.067
2.350	3.424	0.018
2.400	1.983	-0.035
2.450	0.368	-0.084
2.500	-1.279	-0.124
2.550	-2.808	-0.154
2.600	-4.082	-0.171
2.650	-4.977	-0.171
2.700	-5.409	-0.155
2.750	-5.325	-0.125
2.800	-4.730	-0.085
2.850	-3.687	-0.035
2.900	-2.301	0.018
2.950	-0.707	0.067
3.000	0.953	0.110
3.050	2.530	0.143
3.100	3.875	0.163
3.150	4.855	0.165
3.200	5.373	0.152
3.250	5.399	0.127
3.300	4.894	0.087
3.350	3.932	0.040
3.400	2.604	-0.013
3.450	1.047	-0.065
3.500	-0.603	-0.109
3.550	-2.198	-0.143
3.600	-3.595	-0.165
3.650	-4.659	-0.172
3.700	-5.292	-0.164
3.750	-5.424	-0.138
3.800	-5.036	-0.102
3.850	-4.167	-0.057
3.900	-2.910	-0.004
3.950	-1.382	0.047
4.000	0.271	0.093
4.050	1.902	0.130
4.100	3.359	0.155
4.150	4.501	0.165
4.200	5.217	0.159
4.250	5.456	0.137
4.300	5.159	0.104
4.350	4.377	0.060
4.400	3.189	0.010
4.450	1.710	-0.043
4.500	0.075	-0.091
4.550	-1.560	-0.129
4.600	-3.054	-0.157
4.650	-4.268	-0.170
4.700	-5.089	-0.167
4.750	-5.432	-0.149
4.800	-5.257	-0.119
4.850	-4.577	-0.076
4.900	-3.466	-0.025
4.950	-2.033	0.026
5.000	-0.417	0.074
5.050	1.239	0.115
5.100	2.787	0.146
5.150	4.077	0.162
5.200	4.983	0.161
5.250	5.420	0.148
5.300	5.340	0.120
5.350	4.755	0.078
5.400	3.718	0.028
5.450	2.349	-0.022
5.500	0.763	-0.073
5.550	-0.890	-0.115
5.600	-2.462	-0.148
5.650	-3.808	-0.167
5.700	-4.804	-0.170
5.750	-5.352	-0.158
5.800	-5.393	-0.131
5.850	-4.915	-0.093
5.900	-3.972	-0.046
5.950	-2.657	0.006
6.000	-1.099	0.055
6.050	0.562	0.099
6.100	2.173	0.134
6.150	3.585	0.156
6.200	4.659	0.162
6.250	5.300	0.154
6.300	5.434	0.130
6.350	5.054	0.095
6.400	4.196	0.049
6.450	2.947	-0.001
6.500	1.430	-0.051
6.550	-0.212	-0.098
6.600	-1.835	-0.136
6.650	-3.290	-0.159
6.700	-4.443	-0.169
6.750	-5.185	-0.163
6.800	-5.440	-0.143
6.850	-5.173	-0.109
6.900	-4.411	-0.066
6.950	-3.234	-0.016
7.000	-1.759	0.033
7.050	-0.126	0.082
7.100	1.522	0.121
7.150	3.034	0.148
7.200	4.265	0.161
7.250	5.093	0.159
7.300	5.437	0.141
7.350	5.275	0.110
7.400	4.605	0.069
7.450	3.506	0.020
7.500	2.083	-0.032
7.550	0.474	-0.080
7.600	-1.175	-0.120
7.650	-2.717	-0.149
7.700	-4.010	-0.167
7.750	-4.934	-0.167
7.800	-5.396	-0.151
7.850	-5.346	-0.123
7.900	-4.782	-0.086
7.950	-3.766	-0.038
8.000	-2.399	0.015
8.050	-0.810	0.063
8.100	0.853	0.104
8.150	2.440	0.138
8.200	3.798	0.157
8.250	4.815	0.162
8.300	5.358	0.148
8.350	5.405	0.124
8.400	4.936	0.087
8.450	3.997	0.039
8.500	2.697	-0.013
8.550	1.147	-0.061
8.600	-0.503	-0.105
8.650	-2.106	-0.140
8.700	-3.518	-0.162
8.750	-4.605	-0.168
8.800	-5.266	-0.159
8.850	-5.430	-0.137
8.900	-5.074	-0.102
8.950	-4.232	-0.057
9.000	-2.994	-0.006
9.050	-1.481	0.043
9.100	0.166	0.089
9.150	1.801	0.126
9.200	3.272	0.151
9.250	4.449	0.160
9.300	5.191	0.156
9.350	5.448	0.136
9.400	5.190	0.103
9.450	4.441	0.060
9.500	3.270	0.009
9.550	1.810	-0.040
9.600	0.184	-0.089
9.650	-1.457	-0.127
9.700	-2.966	-0.155
9.750	-4.201	-0.165
9.800	-5.050	-0.163
9.850	-5.425	-0.148
9.900	-5.283	-0.118
9.950	-4.634	-0.075
10.000	-3.549	-0.026
