0.000	2.880	0.047
0.050	4.169	0.059
0.100	5.051	0.064
0.150	5.431	0.066
0.200	5.287	0.060
0.250	4.617	0.045
0.300	3.505	0.027
0.350	2.044	0.007
0.400	0.398	-0.013
0.450	-1.283	-0.034
0.500	-2.843	-0.054
0.550	-4.129	-0.064
0.600	-5.018	-0.069
0.650	-5.418	-0.070
0.700	-5.278	-0.063
0.750	-4.609	-0.050
0.800	-3.494	-0.031
0.850	-2.054	-0.011
0.900	-0.407	0.010
0.950	1.285	0.032
1.000	2.858	0.049
1.050	4.153	0.060
1.100	5.041	0.065
1.150	5.427	0.066
1.200	5.284	0.059
1.250	4.611	0.043
1.300	3.501	0.026
1.350	2.038	0.007
1.400	0.391	-0.014
1.450	-1.273	-0.037
1.500	-2.824	-0.054
1.550	-4.113	-0.064
1.600	-5.009	-0.070
1.650	-5.417	-0.070
1.700	-5.284	-0.063
1.750	-4.624	-0.048
1.800	-3.508	-0.028
1.850	-2.052	-0.009
1.900	-0.399	0.012
1.950	1.293	0.034
2.000	2.866	0.051
2.050	4.154	0.060
2.100	5.036	0.066
2.150	5.426	0.066
2.200	5.291	0.058
2.250	4.629	0.042
2.300	3.516	0.024
2.350	2.059	0.005
2.400	0.415	-0.016
2.450	-1.266	-0.039
2.500	-2.828	-0.056
2.550	-4.117	-0.065
2.600	-5.011	-0.070
2.650	-5.417	-0.071
2.700	-5.290	-0.062
2.750	-4.638	-0.047
2.800	-3.526	-0.027
2.850	-2.071	-0.008
2.900	-0.420	0.014
2.950	1.272	0.036
3.000	2.844	0.052
3.050	4.142	0.061
3.100	5.036	0.067
3.150	5.426	0.067
3.200	5.290	0.057
3.250	4.622	0.041
3.300	3.520	0.025
3.350	2.078	0.005
3.400	0.438	-0.019
3.450	-1.243	-0.039
3.500	-2.806	-0.056
3.550	-4.102	-0.066
3.600	-5.002	-0.072
3.650	-5.415	-0.071
3.700	-5.288	-0.062
3.750	-4.632	-0.046
3.800	-3.518	-0.027
3.850	-2.064	-0.007
3.900	-0.413	0.017
3.950	1.262	0.037
4.000	2.826	0.054
4.050	4.125	0.064
4.100	5.026	0.069
4.150	5.425	0.067
4.200	5.296	0.057
4.250	4.635	0.042
4.300	3.528	0.024
4.350	2.075	0.003
4.400	0.432	-0.020
4.450	-1.250	-0.042
4.500	-2.812	-0.058
4.550	-4.105	-0.068
4.600	-4.998	-0.073
4.650	-5.414	-0.072
4.700	-5.295	-0.062
4.750	-4.646	-0.047
4.800	-3.539	-0.027
4.850	-2.090	-0.006
4.900	-0.442	0.018
4.950	1.251	0.038
5.000	2.826	0.054
5.050	4.132	0.065
5.100	5.029	0.071
5.150	5.427	0.068
5.200	5.303	0.058
5.250	4.652	0.042
5.300	3.548	0.023
5.350	2.102	0.001
5.400	0.460	-0.022
5.450	-1.223	-0.042
5.500	-2.789	-0.059
5.550	-4.088	-0.070
5.600	-4.994	-0.074
5.650	-5.413	-0.072
5.700	-5.292	-0.063
5.750	-4.642	-0.048
5.800	-3.535	-0.027
5.850	-2.105	-0.005
5.900	-0.465	0.019
5.950	1.228	0.039
6.000	2.807	0.055
6.050	4.116	0.068
6.100	5.020	0.072
6.150	5.424	0.069
6.200	5.300	0.059
6.250	4.646	0.044
6.300	3.548	0.025
6.350	2.094	0.002
6.400	0.452	-0.022
6.450	-1.228	-0.043
6.500	-2.777	-0.060
6.550	-4.073	-0.072
6.600	-4.984	-0.075
6.650	-5.411	-0.074
6.700	-5.298	-0.064
6.750	-4.657	-0.048
6.800	-3.555	-0.027
6.850	-2.106	-0.003
6.900	-0.458	0.020
6.950	1.236	0.040
7.000	2.813	0.057
7.050	4.118	0.069
7.100	5.019	0.073
7.150	5.424	0.070
7.200	5.307	0.061
7.250	4.657	0.044
7.300	3.566	0.025
7.350	2.117	0.001
7.400	0.475	-0.021
7.450	-1.208	-0.043
7.500	-2.776	-0.062
7.550	-4.078	-0.074
7.600	-4.987	-0.077
7.650	-5.412	-0.074
7.700	-5.297	-0.065
7.750	-4.662	-0.049
7.800	-3.572	-0.027
7.850	-2.130	-0.003
7.900	-0.484	0.020
7.950	1.208	0.042
8.000	2.789	0.058
8.050	4.101	0.071
8.100	5.011	0.074
8.150	5.422	0.071
8.200	5.304	0.062
8.250	4.659	0.045
8.300	3.558	0.025
8.350	2.111	0.002
8.400	0.491	-0.022
8.450	-1.187	-0.045
8.500	-2.753	-0.063
8.550	-4.059	-0.074
8.600	-4.976	-0.078
8.650	-5.408	-0.075
8.700	-5.303	-0.068
8.750	-4.665	-0.050
8.800	-3.566	-0.027
8.850	-2.123	-0.005
8.900	-0.477	0.018
8.950	1.215	0.040
9.000	2.790	0.060
9.050	4.090	0.071
9.100	5.002	0.075
9.150	5.421	0.072
9.200	5.312	0.064
9.250	4.671	0.047
9.300	3.577	0.025
9.350	2.136	0.001
9.400	0.498	-0.022
9.450	-1.184	-0.044
9.500	-2.757	-0.065
9.550	-4.065	-0.075
9.600	-4.979	-0.079
9.650	-5.411	-0.078
9.700	-5.310	-0.069
9.750	-4.680	-0.051
9.800	-3.588	-0.028
9.850	-2.150	-0.004
9.900	-0.505	0.019
9.950	1.189	0.041
10.000	2.774	0.060
