0.000	-0.941	-0.019
0.050	-2.567	-0.032
0.100	-3.934	-0.043
0.150	-4.912	-0.047
0.200	-5.391	-0.047
0.250	-5.315	-0.045
0.300	-4.685	-0.037
0.350	-3.577	-0.024
0.400	-2.107	-0.009
0.450	-0.427	0.005
0.500	1.296	0.019
0.550	2.892	0.031
0.600	4.205	0.041
0.650	5.074	0.045
0.700	5.424	0.043
0.750	5.232	0.040
0.800	4.493	0.030
0.850	3.300	0.017
0.900	1.778	0.003
0.950	0.085	-0.012
1.000	-1.613	-0.026
1.050	-3.155	-0.039
1.100	-4.380	-0.045
1.150	-5.168	-0.048
1.200	-5.429	-0.048
1.250	-5.127	-0.042
1.300	-4.294	-0.030
1.350	-3.023	-0.017
1.400	-1.448	-0.003
1.450	0.268	0.011
1.500	1.960	0.026
1.550	3.461	0.037
1.600	4.608	0.043
1.650	5.271	0.043
1.700	5.422	0.044
1.750	4.998	0.037
1.800	4.064	0.025
1.850	2.719	0.011
1.900	1.109	-0.004
1.950	-0.606	-0.018
2.000	-2.260	-0.033
2.050	-3.691	-0.044
2.100	-4.754	-0.048
2.150	-5.340	-0.049
2.200	-5.375	-0.047
2.250	-4.853	-0.038
2.300	-3.829	-0.026
2.350	-2.419	-0.012
2.400	-0.769	0.003
2.450	0.957	0.018
2.500	2.591	0.032
2.550	3.968	0.041
2.600	4.946	0.046
2.650	5.399	0.046
2.700	5.312	0.042
2.750	4.679	0.033
2.800	3.567	0.021
2.850	2.098	0.004
2.900	0.426	-0.010
2.950	-1.285	-0.025
3.000	-2.869	-0.038
3.050	-4.168	-0.047
3.100	-5.051	-0.050
3.150	-5.422	-0.050
3.200	-5.231	-0.045
3.250	-4.497	-0.035
3.300	-3.302	-0.021
3.350	-1.778	-0.005
3.400	-0.079	0.009
3.450	1.630	0.024
3.500	3.182	0.036
3.550	4.408	0.044
3.600	5.200	0.048
3.650	5.436	0.047
3.700	5.119	0.039
3.750	4.285	0.029
3.800	3.015	0.015
3.850	1.445	-0.001
3.900	-0.262	-0.017
3.950	-1.942	-0.030
4.000	-3.431	-0.042
4.050	-4.578	-0.049
4.100	-5.265	-0.052
4.150	-5.413	-0.050
4.200	-4.998	-0.041
4.250	-4.068	-0.031
4.300	-2.725	-0.015
4.350	-1.111	0.001
4.400	0.613	0.017
4.450	2.281	0.030
4.500	3.721	0.041
4.550	4.787	0.047
4.600	5.357	0.049
4.650	5.380	0.045
4.700	4.850	0.037
4.750	3.821	0.025
4.800	2.411	0.008
4.850	0.769	-0.007
4.900	-0.947	-0.022
4.950	-2.570	-0.036
5.000	-3.939	-0.047
5.050	-4.914	-0.052
5.100	-5.392	-0.052
5.150	-5.315	-0.047
5.200	-4.683	-0.039
5.250	-3.573	-0.026
5.300	-2.103	-0.009
5.350	-0.424	0.006
5.400	1.299	0.022
5.450	2.895	0.034
5.500	4.200	0.043
5.550	5.073	0.048
5.600	5.438	0.048
5.650	5.231	0.043
5.700	4.491	0.034
5.750	3.295	0.020
5.800	1.770	0.003
5.850	0.081	-0.013
5.900	-1.618	-0.028
5.950	-3.158	-0.041
6.000	-4.383	-0.049
6.050	-5.170	-0.054
6.100	-5.429	-0.051
6.150	-5.126	-0.045
6.200	-4.292	-0.035
6.250	-3.020	-0.020
6.300	-1.445	-0.004
6.350	0.272	0.013
6.400	1.964	0.027
6.450	3.460	0.038
6.500	4.608	0.047
6.550	5.279	0.049
6.600	5.425	0.047
6.650	4.985	0.038
6.700	4.063	0.029
6.750	2.715	0.014
6.800	1.105	-0.003
6.850	-0.611	-0.019
6.900	-2.263	-0.033
6.950	-3.694	-0.045
7.000	-4.757	-0.052
7.050	-5.340	-0.054
7.100	-5.375	-0.051
7.150	-4.851	-0.042
7.200	-3.827	-0.031
7.250	-2.414	-0.015
7.300	-0.764	0.002
7.350	0.961	0.018
7.400	2.596	0.031
7.450	3.969	0.042
7.500	4.942	0.048
7.550	5.400	0.049
7.600	5.323	0.046
7.650	4.678	0.037
7.700	3.564	0.024
7.750	2.089	0.009
7.800	0.419	-0.009
7.850	-1.291	-0.024
7.900	-2.873	-0.039
7.950	-4.171	-0.048
8.000	-5.053	-0.053
8.050	-5.422	-0.053
8.100	-5.230	-0.048
8.150	-4.495	-0.039
8.200	-3.300	-0.024
8.250	-1.774	-0.008
8.300	-0.074	0.007
8.350	1.635	0.022
8.400	3.185	0.036
8.450	4.413	0.046
8.500	5.191	0.048
8.550	5.433	0.048
8.600	5.130	0.044
8.650	4.284	0.033
8.700	3.010	0.018
8.750	1.439	0.003
8.800	-0.271	-0.013
8.850	-1.948	-0.029
8.900	-3.435	-0.041
8.950	-4.581	-0.050
9.000	-5.266	-0.053
9.050	-5.413	-0.052
9.100	-4.997	-0.044
9.150	-4.064	-0.034
9.200	-2.720	-0.019
9.250	-1.105	-0.003
9.300	0.618	0.013
9.350	2.285	0.028
9.400	3.723	0.040
9.450	4.786	0.047
9.500	5.354	0.049
9.550	5.381	0.047
9.600	4.850	0.040
9.650	3.820	0.028
9.700	2.410	0.013
9.750	0.764	-0.003
9.800	-0.954	-0.020
9.850	-2.574	-0.034
9.900	-3.942	-0.045
9.950	-4.916	-0.051
10.000	-5.393	-0.053
10.050	-5.313	-0.050
10.100	-4.680	-0.041
10.150	-3.570	-0.028
10.200	-2.099	-0.012
10.250	-0.421	0.003
10.300	1.302	0.018
10.350	2.898	0.033
10.400	4.203	0.043
10.450	5.077	0.047
10.500	5.429	0.048
10.550	5.227	0.044
10.600	4.497	0.035
