0.000	0.024	-0.007
0.050	-1.704	-0.018
0.100	-3.254	-0.028
0.150	-4.469	-0.035
0.200	-5.220	-0.038
0.250	-5.417	-0.037
0.300	-5.029	-0.034
0.350	-4.102	-0.026
0.400	-2.738	-0.015
0.450	-1.091	-0.004
0.500	0.666	0.009
0.550	2.359	0.020
0.600	3.805	0.029
0.650	4.848	0.034
0.700	5.385	0.036
0.750	5.341	0.034
0.800	4.726	0.028
0.850	3.612	0.019
0.900	2.123	0.007
0.950	0.420	-0.004
1.000	-1.321	-0.015
1.050	-2.928	-0.027
1.100	-4.230	-0.034
1.150	-5.096	-0.038
1.200	-5.423	-0.038
1.250	-5.167	-0.035
1.300	-4.353	-0.027
1.350	-3.078	-0.017
1.400	-1.482	-0.006
1.450	0.264	0.006
1.500	1.987	0.018
1.550	3.502	0.027
1.600	4.662	0.033
1.650	5.302	0.035
1.700	5.400	0.035
1.750	4.912	0.030
1.800	3.904	0.021
1.850	2.487	0.010
1.900	0.819	-0.002
1.950	-0.930	-0.014
2.000	-2.581	-0.024
2.050	-3.968	-0.032
2.100	-4.943	-0.038
2.150	-5.399	-0.039
2.200	-5.276	-0.036
2.250	-4.583	-0.030
2.300	-3.402	-0.020
2.350	-1.866	-0.008
2.400	-0.139	0.003
2.450	1.605	0.015
2.500	3.185	0.025
2.550	4.436	0.033
2.600	5.209	0.034
2.650	5.429	0.034
2.700	5.074	0.031
2.750	4.177	0.024
2.800	2.841	0.014
2.850	1.214	-0.001
2.900	-0.532	-0.010
2.950	-2.222	-0.021
3.000	-3.684	-0.031
3.050	-4.764	-0.037
3.100	-5.345	-0.038
3.150	-5.356	-0.036
3.200	-4.787	-0.031
3.250	-3.709	-0.023
3.300	-2.240	-0.011
3.350	-0.541	0.002
3.400	1.218	0.013
3.450	2.851	0.021
3.500	4.187	0.031
3.550	5.078	0.035
3.600	5.438	0.036
3.650	5.205	0.032
3.700	4.421	0.027
3.750	3.169	0.015
3.800	1.599	0.003
3.850	-0.134	-0.009
3.900	-1.851	-0.019
3.950	-3.380	-0.028
4.000	-4.558	-0.037
4.050	-5.262	-0.039
4.100	-5.405	-0.037
4.150	-4.966	-0.031
4.200	-3.995	-0.025
4.250	-2.601	-0.014
4.300	-0.936	-0.002
4.350	0.823	0.011
4.400	2.501	0.021
4.450	3.918	0.028
4.500	4.922	0.035
4.550	5.397	0.036
4.600	5.314	0.033
4.650	4.645	0.028
4.700	3.491	0.019
4.750	1.971	0.008
4.800	0.261	-0.007
4.850	-1.474	-0.018
4.900	-3.059	-0.027
4.950	-4.328	-0.033
5.000	-5.148	-0.038
5.050	-5.424	-0.039
5.100	-5.116	-0.033
5.150	-4.257	-0.026
5.200	-2.945	-0.017
5.250	-1.329	-0.005
5.300	0.423	0.008
5.350	2.133	0.019
5.400	3.625	0.028
5.450	4.735	0.032
5.500	5.341	0.036
5.550	5.379	0.035
5.600	4.841	0.029
5.650	3.790	0.021
5.700	2.339	0.010
5.750	0.662	-0.003
5.800	-1.085	-0.015
5.850	-2.720	-0.025
5.900	-4.074	-0.033
5.950	-5.007	-0.037
6.000	-5.412	-0.040
6.050	-5.237	-0.036
6.100	-4.494	-0.028
6.150	-3.276	-0.018
6.200	-1.715	-0.008
6.250	0.018	0.003
6.300	1.756	0.016
6.350	3.314	0.026
6.400	4.522	0.032
6.450	5.250	0.035
6.500	5.422	0.035
6.550	5.009	0.030
6.600	4.078	0.023
6.650	2.704	0.013
6.700	1.057	0.001
6.750	-0.693	-0.012
6.800	-2.366	-0.023
6.850	-3.799	-0.032
6.900	-4.838	-0.037
6.950	-5.370	-0.039
7.000	-5.327	-0.037
7.050	-4.710	-0.030
7.100	-3.589	-0.021
7.150	-2.094	-0.009
7.200	-0.383	0.001
7.250	1.370	0.013
7.300	2.985	0.024
7.350	4.285	0.032
7.400	5.132	0.035
7.450	5.431	0.035
7.500	5.155	0.031
7.550	4.327	0.025
7.600	3.043	0.014
7.650	1.448	0.003
7.700	-0.292	-0.010
7.750	-2.000	-0.021
7.800	-3.503	-0.029
7.850	-4.643	-0.036
7.900	-5.298	-0.038
7.950	-5.390	-0.037
8.000	-4.898	-0.031
8.050	-3.885	-0.023
8.100	-2.460	-0.013
8.150	-0.782	-0.000
8.200	0.978	0.011
8.250	2.640	0.022
8.300	4.026	0.030
8.350	4.985	0.035
8.400	5.413	0.036
8.450	5.268	0.032
8.500	4.557	0.026
8.550	3.364	0.017
8.600	1.834	0.006
8.650	0.107	-0.006
8.700	-1.626	-0.019
8.750	-3.188	-0.027
8.800	-4.422	-0.035
8.850	-5.197	-0.039
8.900	-5.420	-0.038
8.950	-5.061	-0.032
9.000	-4.155	-0.026
9.050	-2.812	-0.015
9.100	-1.174	-0.004
9.150	0.582	0.010
9.200	2.280	0.020
9.250	3.742	0.027
9.300	4.810	0.034
9.350	5.365	0.036
9.400	5.353	0.034
9.450	4.765	0.028
9.500	3.674	0.018
9.550	2.196	0.008
9.600	0.508	-0.003
9.650	-1.241	-0.016
9.700	-2.859	-0.026
9.750	-4.178	-0.033
9.800	-5.066	-0.037
9.850	-5.421	-0.040
9.900	-5.192	-0.035
9.950	-4.404	-0.027
10.000	-3.148	-0.018
10.050	-1.564	-0.007
10.100	0.180	0.006
10.150	1.907	0.017
