0.000	4.518	0.022
0.050	5.256	0.024
0.100	5.399	0.023
0.150	4.918	0.020
0.200	3.872	0.015
0.250	2.400	0.008
0.300	0.656	-0.001
0.350	-1.151	-0.009
0.400	-2.833	-0.017
0.450	-4.197	-0.023
0.500	-5.094	-0.027
0.550	-5.412	-0.026
0.600	-5.102	-0.025
0.650	-4.202	-0.019
0.700	-2.820	-0.013
0.750	-1.124	-0.004
0.800	0.694	0.006
0.850	2.439	0.013
0.900	3.912	0.018
0.950	4.941	0.022
1.000	5.403	0.025
1.050	5.246	0.023
1.100	4.484	0.017
1.150	3.212	0.011
1.200	1.588	0.004
1.250	-0.208	-0.004
1.300	-1.980	-0.014
1.350	-3.534	-0.021
1.400	-4.691	-0.025
1.450	-5.322	-0.026
1.500	-5.342	-0.026
1.550	-4.741	-0.022
1.600	-3.593	-0.016
1.650	-2.040	-0.008
1.700	-0.266	0.000
1.750	1.546	0.008
1.800	3.184	0.016
1.850	4.465	0.021
1.900	5.234	0.023
1.950	5.406	0.022
2.000	4.954	0.021
2.050	3.935	0.015
2.100	2.475	0.007
2.150	0.742	-0.001
2.200	-1.066	-0.010
2.250	-2.752	-0.017
2.300	-4.142	-0.022
2.350	-5.063	-0.026
2.400	-5.411	-0.026
2.450	-5.131	-0.024
2.500	-4.256	-0.019
2.550	-2.897	-0.013
2.600	-1.214	-0.003
2.650	0.605	0.005
2.700	2.360	0.013
2.750	3.850	0.019
2.800	4.904	0.022
2.850	5.392	0.024
2.900	5.267	0.023
2.950	4.532	0.018
3.000	3.285	0.010
3.050	1.670	0.003
3.100	-0.121	-0.005
3.150	-1.897	-0.014
3.200	-3.464	-0.021
3.250	-4.644	-0.025
3.300	-5.304	-0.026
3.350	-5.356	-0.024
3.400	-4.784	-0.022
3.450	-3.660	-0.017
3.500	-2.122	-0.008
3.550	-0.349	0.001
3.600	1.462	0.008
3.650	3.113	0.016
3.700	4.413	0.021
3.750	5.212	0.024
3.800	5.411	0.023
3.850	4.989	0.021
3.900	3.995	0.015
3.950	2.548	0.008
4.000	0.826	-0.002
4.050	-0.983	-0.009
4.100	-2.683	-0.017
4.150	-4.084	-0.023
4.200	-5.032	-0.028
4.250	-5.408	-0.026
4.300	-5.159	-0.025
4.350	-4.308	-0.020
4.400	-2.969	-0.012
4.450	-1.297	-0.005
4.500	0.516	0.004
4.550	2.278	0.012
4.600	3.788	0.018
4.650	4.865	0.023
4.700	5.382	0.023
4.750	5.289	0.023
4.800	4.583	0.018
4.850	3.355	0.012
4.900	1.756	0.003
4.950	-0.032	-0.006
5.000	-1.815	-0.013
5.050	-3.396	-0.020
5.100	-4.599	-0.025
5.150	-5.288	-0.027
5.200	-5.369	-0.027
5.250	-4.823	-0.022
5.300	-3.725	-0.017
5.350	-2.206	-0.008
5.400	-0.442	0.000
5.450	1.375	0.008
5.500	3.043	0.016
5.550	4.363	0.021
5.600	5.186	0.024
5.650	5.416	0.024
5.700	5.022	0.020
5.750	4.054	0.016
5.800	2.627	0.008
5.850	0.914	-0.000
5.900	-0.895	-0.011
5.950	-2.604	-0.018
6.000	-4.026	-0.023
6.050	-4.999	-0.026
6.100	-5.404	-0.028
6.150	-5.185	-0.026
6.200	-4.364	-0.020
6.250	-3.041	-0.012
6.300	-1.379	-0.005
6.350	0.430	0.004
6.400	2.197	0.012
6.450	3.722	0.018
6.500	4.825	0.021
6.550	5.371	0.024
6.600	5.308	0.024
6.650	4.627	0.019
6.700	3.421	0.012
6.750	1.836	0.005
6.800	0.051	-0.004
6.850	-1.735	-0.013
6.900	-3.328	-0.021
6.950	-4.553	-0.026
7.000	-5.267	-0.027
7.050	-5.379	-0.027
7.100	-4.864	-0.024
7.150	-3.787	-0.018
7.200	-2.282	-0.009
7.250	-0.527	0.001
7.300	1.286	0.007
7.350	2.966	0.014
7.400	4.310	0.022
7.450	5.160	0.023
7.500	5.420	0.023
7.550	5.057	0.021
7.600	4.114	0.017
7.650	2.708	0.008
7.700	1.001	-0.001
7.750	-0.808	-0.008
7.800	-2.527	-0.015
7.850	-3.967	-0.022
7.900	-4.963	-0.026
7.950	-5.399	-0.027
8.000	-5.209	-0.024
8.050	-4.416	-0.020
8.100	-3.117	-0.014
8.150	-1.469	-0.006
8.200	0.343	0.004
8.250	2.126	0.012
8.300	3.657	0.019
8.350	4.780	0.022
8.400	5.359	0.025
8.450	5.324	0.022
8.500	4.673	0.018
8.550	3.489	0.014
8.600	1.916	0.006
8.650	0.140	-0.005
8.700	-1.652	-0.013
8.750	-3.260	-0.019
8.800	-4.505	-0.024
8.850	-5.246	-0.028
8.900	-5.388	-0.026
8.950	-4.903	-0.022
9.000	-3.850	-0.018
9.050	-2.362	-0.011
9.100	-0.612	-0.001
9.150	1.206	0.007
9.200	2.891	0.014
9.250	4.262	0.020
9.300	5.127	0.024
9.350	5.422	0.024
9.400	5.088	0.021
9.450	4.169	0.015
9.500	2.779	0.010
9.550	1.084	0.002
9.600	-0.723	-0.008
9.650	-2.451	-0.017
9.700	-3.908	-0.021
9.750	-4.928	-0.024
9.800	-5.392	-0.028
9.850	-5.234	-0.026
9.900	-4.464	-0.020
9.950	-3.186	-0.013
10.000	-1.553	-0.007
10.050	0.255	0.002
