0.000	-3.131	-0.016
0.050	-4.432	-0.020
0.100	-5.218	-0.023
0.150	-5.386	-0.025
0.200	-4.904	-0.020
0.250	-3.832	-0.015
0.300	-2.315	-0.009
0.350	-0.529	-0.001
0.400	1.317	0.007
0.450	3.027	0.014
0.500	4.359	0.018
0.550	5.193	0.019
0.600	5.407	0.021
0.650	4.973	0.017
0.700	3.946	0.013
0.750	2.462	0.006
0.800	0.698	-0.001
0.850	-1.141	-0.009
0.900	-2.851	-0.016
0.950	-4.229	-0.021
1.000	-5.119	-0.022
1.050	-5.404	-0.023
1.100	-5.040	-0.021
1.150	-4.069	-0.016
1.200	-2.619	-0.010
1.250	-0.863	-0.001
1.300	0.990	0.006
1.350	2.732	0.012
1.400	4.154	0.017
1.450	5.090	0.020
1.500	5.419	0.021
1.550	5.093	0.019
1.600	4.167	0.014
1.650	2.754	0.008
1.700	1.027	-0.000
1.750	-0.813	-0.008
1.800	-2.559	-0.014
1.850	-4.011	-0.020
1.900	-4.999	-0.023
1.950	-5.401	-0.024
2.000	-5.154	-0.022
2.050	-4.284	-0.017
2.100	-2.908	-0.011
2.150	-1.193	-0.004
2.200	0.654	0.004
2.250	2.432	0.012
2.300	3.928	0.016
2.350	4.961	0.019
2.400	5.400	0.021
2.450	5.211	0.021
2.500	4.378	0.016
2.550	3.039	0.008
2.600	1.357	0.002
2.650	-0.477	-0.006
2.700	-2.257	-0.013
2.750	-3.776	-0.020
2.800	-4.861	-0.022
2.850	-5.375	-0.023
2.900	-5.246	-0.024
2.950	-4.484	-0.018
3.000	-3.190	-0.011
3.050	-1.525	-0.005
3.100	0.314	0.002
3.150	2.122	0.010
3.200	3.685	0.016
3.250	4.814	0.019
3.300	5.368	0.020
3.350	5.287	0.020
3.400	4.572	0.017
3.450	3.326	0.011
3.500	1.681	0.002
3.550	-0.144	-0.005
3.600	-1.947	-0.011
3.650	-3.528	-0.018
3.700	-4.703	-0.023
3.750	-5.327	-0.023
3.800	-5.319	-0.022
3.850	-4.667	-0.019
3.900	-3.460	-0.015
3.950	-1.846	-0.006
4.000	-0.022	0.003
4.050	1.807	0.007
4.100	3.426	0.014
4.150	4.648	0.020
4.200	5.314	0.022
4.250	5.351	0.019
4.300	4.745	0.016
4.350	3.579	0.013
4.400	1.999	0.006
4.450	0.196	-0.003
4.500	-1.632	-0.012
4.550	-3.267	-0.016
4.600	-4.527	-0.021
4.650	-5.260	-0.024
4.700	-5.370	-0.024
4.750	-4.830	-0.018
4.800	-3.712	-0.015
4.850	-2.160	-0.008
4.900	-0.361	0.000
4.950	1.482	0.009
5.000	3.157	0.013
5.050	4.463	0.017
5.100	5.239	0.020
5.150	5.392	0.022
5.200	4.901	0.018
5.250	3.830	0.012
5.300	2.309	0.006
5.350	0.530	-0.000
5.400	-1.305	-0.009
5.450	-2.990	-0.017
5.500	-4.332	-0.020
5.550	-5.171	-0.022
5.600	-5.398	-0.024
5.650	-4.975	-0.020
5.700	-3.955	-0.016
5.750	-2.469	-0.009
5.800	-0.700	-0.003
5.850	1.152	0.006
5.900	2.875	0.014
5.950	4.261	0.017
6.000	5.142	0.019
6.050	5.412	0.020
6.100	5.036	0.019
6.150	4.061	0.014
6.200	2.610	0.006
6.250	0.864	-0.000
6.300	-0.976	-0.007
6.350	-2.704	-0.015
6.400	-4.121	-0.020
6.450	-5.061	-0.022
6.500	-5.406	-0.024
6.550	-5.101	-0.022
6.600	-4.181	-0.017
6.650	-2.765	-0.010
6.700	-1.031	-0.003
6.750	0.821	0.004
6.800	2.581	0.012
6.850	4.041	0.018
6.900	5.025	0.021
6.950	5.409	0.021
7.000	5.152	0.018
7.050	4.277	0.016
7.100	2.900	0.009
7.150	1.193	0.001
7.200	-0.646	-0.006
7.250	-2.408	-0.014
7.300	-3.895	-0.019
7.350	-4.932	-0.022
7.400	-5.391	-0.024
7.450	-5.203	-0.022
7.500	-4.387	-0.018
7.550	-3.053	-0.011
7.600	-1.362	-0.004
7.650	0.481	0.003
7.700	2.274	0.010
7.750	3.807	0.016
7.800	4.888	0.019
7.850	5.386	0.021
7.900	5.248	0.019
7.950	4.480	0.016
8.000	3.185	0.009
8.050	1.522	0.002
8.100	-0.308	-0.005
8.150	-2.101	-0.012
8.200	-3.652	-0.019
8.250	-4.782	-0.022
8.300	-5.354	-0.024
8.350	-5.286	-0.022
8.400	-4.579	-0.020
8.450	-3.328	-0.013
8.500	-1.690	-0.004
8.550	0.143	0.004
8.600	1.961	0.010
8.650	3.555	0.015
8.700	4.731	0.019
8.750	5.342	0.022
8.800	5.322	0.020
8.850	4.656	0.015
8.900	3.454	0.012
8.950	1.844	0.004
9.000	0.028	-0.005
9.050	-1.786	-0.010
9.100	-3.397	-0.017
9.150	-4.615	-0.022
9.200	-5.296	-0.025
9.250	-5.348	-0.022
9.300	-4.753	-0.018
9.350	-3.590	-0.015
9.400	-2.006	-0.007
9.450	-0.189	0.000
9.500	1.645	0.009
9.550	3.293	0.015
9.600	4.556	0.019
9.650	5.274	0.021
9.700	5.371	0.020
9.750	4.826	0.016
9.800	3.705	0.013
9.850	2.154	0.005
9.900	0.361	-0.003
9.950	-1.467	-0.010
10.000	-3.129	-0.017
10.050	-4.430	-0.019
10.100	-5.217	-0.024
10.150	-5.387	-0.024
